0 0.3605 0.13304640718562874 0.0265 0.0407934131736527
0 0.7015 0.12032185628742514 0.037 0.053517964071856286
0 0.721125 0.26459580838323354 0.02625 0.04715568862275449
0 0.76675 0.2412050898203593 0.035 0.04902694610778443
0 0.859375 0.44479790419161674 0.03125 0.05651197604790419
0 0.22575 0.562312874251497 0.0285 0.04603293413173653
0 0.412875 0.41111526946107785 0.04275 0.07672155688622755
0 0.553375 0.46987275449101795 0.03925 0.06624251497005988
0 0.416875 0.49925149700598803 0.03925 0.06736526946107785
0 0.3315 0.6137724550898204 0.033 0.06287425149700598
0 0.296875 0.7122005988023952 0.03625 0.06287425149700598
0 0.4515 0.8866017964071856 0.03 0.050149700598802395
0 0.71625 0.6661676646706587 0.055 0.10404191616766467
0 0.80325 0.6201347305389222 0.052 0.1594311377245509
0 0.894375 0.7853667664670658 0.03875 0.08345808383233533
0 0.336875 0.8184880239520959 0.03625 0.0748502994011976
0 0.38825 0.8912799401197605 0.052 0.04902694610778443
