0 0.13575 0.6908682634730539 0.07 0.08008982035928144
0 0.161125 0.5913173652694611 0.03775 0.06736526946107785
0 0.233375 0.5043038922155688 0.03925 0.038547904191616765
0 0.45325 0.4943862275449102 0.0265 0.04491017964071856
0 0.54725 0.3684505988023952 0.03 0.05800898203592814
0 0.734375 0.8106287425149701 0.03125 0.02694610778443114
0 0.77975 0.6966691616766467 0.032 0.03405688622754491
0 0.74 0.6805763473053892 0.0215 0.0280688622754491
0 0.74475 0.7217440119760479 0.015 0.024326347305389222
0 0.767625 0.7249251497005988 0.01925 0.02245508982035928
0 0.586125 0.7790044910179641 0.02225 0.02133233532934132
0 0.56075 0.8362649700598802 0.03 0.04154191616766467
