0 0.3775 0.07690868263473054 0.0265 0.03330838323353293
0 0.3925 0.2277320359281437 0.035 0.06100299401197605
0 0.398375 0.3106287425149701 0.04075 0.06811377245508982
0 0.42875 0.36096556886227543 0.04 0.053517964071856286
0 0.371125 0.44423652694610777 0.03075 0.05763473053892216
0 0.247875 0.5411676646706587 0.03425 0.05239520958083832
0 0.35975 0.5104790419161677 0.025 0.04266467065868264
0 0.35825 0.6175149700598802 0.045 0.04715568862275449
0 0.396125 0.5967440119760479 0.03775 0.05651197604790419
0 0.431875 0.5501497005988024 0.04375 0.05763473053892216
0 0.43 0.6083458083832335 0.0285 0.04154191616766467
0 0.41075 0.7528068862275449 0.037 0.06324850299401198
0 0.44225 0.7939745508982036 0.0315 0.046781437125748504
0 0.476875 0.7277320359281437 0.03075 0.0407934131736527
0 0.47475 0.3931511976047904 0.0335 0.053517964071856286
0 0.465 0.45602544910179643 0.05 0.061751497005988025
0 0.474 0.18244760479041916 0.035 0.053517964071856286
0 0.449375 0.24550898203592814 0.03125 0.04266467065868264
0 0.496625 0.2891092814371258 0.03575 0.05127245508982036
0 0.532875 0.23484281437125748 0.04575 0.04902694610778443
0 0.546625 0.27956586826347307 0.03425 0.040419161676646706
0 0.5215 0.561938622754491 0.0515 0.06399700598802395
0 0.566125 0.5447230538922155 0.03925 0.04902694610778443
0 0.785125 0.32073353293413176 0.03725 0.08008982035928144
0 0.71575 0.18619011976047903 0.05 0.04603293413173653
0 0.580125 0.1968562874251497 0.03725 0.06736526946107785
0 0.547875 0.38173652694610777 0.06575 0.10404191616766467
0 0.6575 0.39782934131736525 0.035 0.08233532934131736
0 0.565 0.4118637724550898 0.02 0.031062874251497005
0 0.599 0.4885853293413174 0.0235 0.018338323353293412
0 0.62075 0.5409805389221557 0.027 0.031062874251497005
0 0.637875 0.5817739520958084 0.03575 0.048278443113772454
0 0.702875 0.5757859281437125 0.03275 0.04303892215568862
0 0.69975 0.4781062874251497 0.0535 0.07372754491017965
0 0.749 0.45022455089820357 0.0495 0.05464071856287425
0 0.7025 0.40475299401197606 0.025 0.03181137724550898
0 0.725125 0.34655688622754494 0.02425 0.0374251497005988
0 0.75425 0.37574850299401197 0.02 0.03218562874251497
0 0.665125 0.2438248502994012 0.02575 0.048278443113772454
0 0.606125 0.2614146706586826 0.08775 0.1433383233532934
