0 0.148375 0.055202095808383235 0.02775 0.038547904191616765
0 0.234 0.07447604790419161 0.0265 0.04715568862275449
0 0.270875 0.058383233532934134 0.02275 0.04491017964071856
0 0.29325 0.023577844311377244 0.032 0.03967065868263473
0 0.34475 0.07597305389221556 0.0235 0.03967065868263473
0 0.236125 0.3615269461077844 0.03225 0.041916167664670656
0 0.276625 0.3768712574850299 0.02575 0.04266467065868264
0 0.3125 0.8650823353293413 0.035 0.04154191616766467
0 0.49825 0.22623502994011976 0.025 0.0407934131736527
0 0.600125 0.2432634730538922 0.03125 0.051646706586826345
0 0.537625 0.5084206586826348 0.04925 0.04303892215568862
0 0.585 0.4646332335329341 0.06 0.07297904191616766
0 0.658375 0.4315119760479042 0.03075 0.04940119760479042
0 0.70225 0.39726796407185627 0.0285 0.04303892215568862
0 0.757625 0.40101047904191617 0.02775 0.050523952095808386
0 0.698625 0.4528443113772455 0.05725 0.07709580838323353
0 0.74975 0.4940119760479042 0.042 0.08008982035928144
0 0.67475 0.5196482035928144 0.038 0.06923652694610778
0 0.73625 0.5501497005988024 0.075 0.06212574850299401
