0 0.415125 0.1972305389221557 0.04275 0.07709580838323353
0 0.58075 0.11489520958083832 0.037 0.05538922155688623
0 0.668625 0.22136976047904192 0.02575 0.05426646706586826
0 0.5465 0.3538547904191617 0.0385 0.04603293413173653
0 0.62 0.5544535928143712 0.05 0.05127245508982036
0 0.216875 0.38940868263473055 0.03925 0.06100299401197605
0 0.1605 0.5763473053892215 0.0565 0.04790419161676647
0 0.198625 0.7084580838323353 0.04125 0.05538922155688623
0 0.20825 0.5666167664670658 0.032 0.05239520958083832
0 0.241875 0.5366766467065869 0.03525 0.050149700598802395
0 0.2905 0.4940119760479042 0.065 0.11452095808383234
0 0.30475 0.3909056886227545 0.042 0.06399700598802395
0 0.384625 0.33476796407185627 0.11925 0.1530688622754491
0 0.40225 0.44273952095808383 0.0985 0.125
0 0.4655 0.4631362275449102 0.025 0.04603293413173653
0 0.316875 0.5950598802395209 0.04225 0.04266467065868264
0 0.397875 0.5731661676646707 0.07575 0.06324850299401198
0 0.47725 0.625 0.083 0.10254491017964072
0 0.541125 0.5817739520958084 0.04775 0.06100299401197605
0 0.31625 0.7554266467065869 0.085 0.11115269461077844
0 0.394 0.7335329341317365 0.048 0.05913173652694611
0 0.397625 0.7934131736526946 0.03775 0.03967065868263473
0 0.408625 0.8351422155688623 0.04425 0.0437874251497006
0 0.546875 0.9019461077844312 0.03775 0.040419161676646706
0 0.767875 0.06680389221556886 0.04425 0.07672155688622755
0 0.787875 0.1914296407185629 0.03275 0.05651197604790419
0 0.818375 0.14801646706586827 0.02925 0.04902694610778443
0 0.88225 0.5233907185628742 0.033 0.05800898203592814
0 0.886875 0.8912799401197605 0.05375 0.04453592814371257
