0 0.344375 0.04116766467065868 0.03275 0.04266467065868264
0 0.37125 0.07335329341317365 0.025 0.04266467065868264
0 0.336875 0.13847305389221556 0.04375 0.07260479041916168
0 0.29625 0.2004116766467066 0.0235 0.0407934131736527
0 0.421875 0.16186377245508982 0.02775 0.03630239520958084
0 0.496875 0.11976047904191617 0.02225 0.06736526946107785
0 0.5665 0.32297904191616766 0.027 0.03967065868263473
0 0.586875 0.2950973053892216 0.02625 0.05651197604790419
0 0.3715 0.41130239520958084 0.027 0.04715568862275449
0 0.3525 0.4779191616766467 0.0235 0.035179640718562874
0 0.408375 0.4496631736526946 0.03925 0.05800898203592814
0 0.482625 0.5020583832335329 0.03225 0.06848802395209581
0 0.491875 0.6223802395209581 0.03225 0.04790419161676647
0 0.50325 0.4412425149700599 0.025 0.029940119760479042
0 0.528625 0.49513473053892215 0.02275 0.0374251497005988
0 0.556875 0.46725299401197606 0.02625 0.03929640718562874
0 0.589375 0.42945359281437123 0.02125 0.05127245508982036
0 0.5915 0.4842814371257485 0.027 0.035179640718562874
0 0.625875 0.4747380239520958 0.04575 0.05651197604790419
0 0.61475 0.5379865269461078 0.032 0.0437874251497006
0 0.60075 0.5827095808383234 0.0415 0.041916167664670656
0 0.679 0.5918787425149701 0.065 0.07672155688622755
0 0.787625 0.6802020958083832 0.02225 0.031062874251497005
0 0.921875 0.23203592814371257 0.01925 0.02470059880239521
