0 0.39225 0.4908308383233533 0.03 0.03929640718562874
0 0.45325 0.3203592814371258 0.028 0.029940119760479042
0 0.527875 0.3849176646706587 0.02575 0.050523952095808386
0 0.635125 0.29827844311377244 0.02425 0.0374251497005988
0 0.704375 0.2593562874251497 0.01875 0.040419161676646706
0 0.525 0.5480913173652695 0.0315 0.03405688622754491
0 0.676875 0.48278443113772457 0.02625 0.040419161676646706
0 0.703375 0.5217065868263473 0.02075 0.035179640718562874
0 0.9865 0.6111526946107785 0.0245 0.07934131736526946
0 0.94625 0.8630239520958084 0.045 0.05239520958083832
0 0.9835 0.7937874251497006 0.0325 0.0875748502994012
0 0.746125 0.02619760479041916 0.03625 0.040419161676646706
