0 0.308375 0.2717065868263473 0.04925 0.05464071856287425
0 0.09325 0.530501497005988 0.0665 0.07372754491017965
0 0.199 0.43581586826347307 0.0335 0.053517964071856286
0 0.245125 0.3929640718562874 0.04425 0.051646706586826345
0 0.254375 0.5024326347305389 0.04275 0.06100299401197605
0 0.30825 0.44423652694610777 0.0435 0.07035928143712575
0 0.387875 0.5282559880239521 0.07575 0.08420658682634731
0 0.5515 0.42945359281437123 0.017 0.038547904191616765
0 0.5765 0.42720808383233533 0.023 0.046781437125748504
0 0.6765 0.20172155688622753 0.0285 0.059880239520958084
0 0.71175 0.25711077844311375 0.025 0.04940119760479042
