0 0.25075 0.33626497005988026 0.023 0.025823353293413173
0 0.250375 0.36395958083832336 0.03075 0.023577844311377244
0 0.27375 0.49120508982035926 0.0315 0.038547904191616765
0 0.55875 0.27638473053892215 0.0285 0.03630239520958084
0 0.392125 0.19779191616766467 0.02425 0.0437874251497006
0 0.377875 0.3785553892215569 0.02725 0.031062874251497005
0 0.464 0.36620508982035926 0.025 0.04303892215568862
0 0.360875 0.44854041916167664 0.02575 0.038547904191616765
0 0.351125 0.5147829341317365 0.03625 0.0407934131736527
0 0.40325 0.4277694610778443 0.022 0.05464071856287425
0 0.389 0.468375748502994 0.0235 0.035553892215568865
0 0.378 0.7127619760479041 0.04 0.06399700598802395
0 0.394 0.5527694610778443 0.042 0.06736526946107785
0 0.399375 0.500935628742515 0.03125 0.04303892215568862
0 0.46825 0.5041167664670658 0.025 0.03218562874251497
0 0.4405 0.5299401197604791 0.025 0.04266467065868264
0 0.468375 0.6538173652694611 0.03925 0.06212574850299401
0 0.51325 0.5737275449101796 0.025 0.04266467065868264
0 0.56225 0.3379491017964072 0.037 0.05688622754491018
0 0.642125 0.33252245508982037 0.02425 0.03929640718562874
0 0.943625 0.6532559880239521 0.03575 0.05875748502994012
0 0.939 0.7924775449101796 0.025 0.0437874251497006
