2 0.1251929012345679 0.5656828703703703 0.02662037037037037 0.04224537037037037
2 0.2847222222222222 0.421875 0.030864197530864196 0.032407407407407406
2 0.2679398148148148 0.5219907407407407 0.024305555555555556 0.034722222222222224
2 0.30767746913580246 0.5332754629629629 0.02816358024691358 0.03877314814814815
2 0.36747685185185186 0.6770833333333334 0.022762345679012346 0.03587962962962963
2 0.48977623456790126 0.6918402777777778 0.03202160493827161 0.04224537037037037
2 0.4095293209876543 0.3738425925925926 0.02970679012345679 0.037037037037037035
2 0.5082947530864198 0.3350694444444444 0.028935185185185185 0.047453703703703706
2 0.5306712962962963 0.4586226851851852 0.021219135802469136 0.03414351851851852
2 0.5383873456790124 0.4230324074074074 0.02507716049382716 0.034722222222222224
2 0.5659722222222222 0.40335648148148145 0.023919753086419752 0.03356481481481482
2 0.6820987654320988 0.20717592592592593 0.020061728395061727 0.032407407407407406
2 0.7829861111111112 0.4855324074074074 0.027391975308641976 0.028935185185185185
2 0.7802854938271605 0.5121527777777778 0.02353395061728395 0.032407407407407406
2 0.7939814814814815 0.5960648148148148 0.023148148148148147 0.03819444444444445
2 0.7179783950617284 0.12210648148148148 0.023919753086419752 0.02662037037037037
2 0.5547839506172839 0.7155671296296297 0.02546296296296296 0.041087962962962965
2 0.6500771604938271 0.5190972222222222 0.05092592592592592 0.05092592592592592
