2 0.3643904320987654 0.22280092592592593 0.04976851851851852 0.05439814814814815
2 0.3489583333333333 0.37181712962962965 0.0466820987654321 0.07465277777777778
2 0.5165895061728395 0.17737268518518517 0.0763888888888889 0.10474537037037036
2 0.6716820987654321 0.32783564814814814 0.05401234567901234 0.08275462962962964
2 0.8746141975308642 0.2717013888888889 0.05169753086419753 0.07696759259259259
2 0.826195987654321 0.35561342592592593 0.047453703703703706 0.07349537037037036
2 0.828125 0.47858796296296297 0.061342592592592594 0.08101851851851852
2 0.8275462962962963 0.5616319444444444 0.05401234567901234 0.07349537037037036
2 0.8082561728395061 0.6660879629629629 0.034722222222222224 0.04398148148148148
2 0.9743441358024691 0.48900462962962965 0.04205246913580247 0.08912037037037036
2 0.7347608024691358 0.7364004629629629 0.030478395061728395 0.04456018518518518
2 0.5889274691358025 0.13859953703703703 0.04282407407407408 0.05150462962962963
2 0.6234567901234568 0.17042824074074073 0.020061728395061727 0.048032407407407406
