2 0.19675925925925927 0.5046296296296297 0.033179012345679014 0.05324074074074074
2 0.19868827160493827 0.6695601851851852 0.023919753086419752 0.03356481481481482
2 0.33622685185185186 0.5888310185185185 0.030478395061728395 0.041087962962962965
2 0.36516203703703703 0.4771412037037037 0.028935185185185185 0.04456018518518518
2 0.4731867283950617 0.40335648148148145 0.02199074074074074 0.03587962962962963
2 0.47434413580246915 0.48119212962962965 0.028935185185185185 0.04456018518518518
2 0.3557098765432099 0.6649305555555556 0.021604938271604937 0.03356481481481482
2 0.439429012345679 0.6614583333333334 0.016975308641975308 0.028935185185185185
2 0.6244212962962963 0.6756365740740741 0.03125 0.03414351851851852
2 0.6604938271604939 0.25318287037037035 0.034722222222222224 0.03761574074074074
2 0.6608796296296297 0.3382523148148148 0.029320987654320986 0.03414351851851852
