2 0.20833333333333334 0.32957175925925924 0.023919753086419752 0.045717592592592594
2 0.28433641975308643 0.32436342592592593 0.031635802469135804 0.0642361111111111
2 0.3161651234567901 0.3851273148148148 0.028935185185185185 0.041087962962962965
2 0.35262345679012347 0.3723958333333333 0.04243827160493827 0.08043981481481481
2 0.49074074074074076 0.44155092592592593 0.03780864197530864 0.05787037037037037
2 0.5129243827160493 0.3055555555555556 0.028935185185185185 0.02662037037037037
2 0.5740740740740741 0.48582175925925924 0.032407407407407406 0.04224537037037037
2 0.5428240740740741 0.5263310185185185 0.041666666666666664 0.07233796296296297
2 0.5862268518518519 0.7445023148148148 0.027391975308641976 0.048032407407407406
2 0.6145833333333334 0.6394675925925926 0.024691358024691357 0.03819444444444445
2 0.6520061728395061 0.6099537037037037 0.02700617283950617 0.052083333333333336
2 0.6990740740740741 0.5095486111111112 0.034722222222222224 0.041087962962962965
2 0.7220293209876543 0.5798611111111112 0.028935185185185185 0.03935185185185185
2 0.691358024691358 0.6614583333333334 0.033950617283950615 0.06018518518518518
2 0.7336033950617284 0.6631944444444444 0.047453703703703706 0.1099537037037037
