2 0.3472222222222222 0.2838541666666667 0.06901041666666667 0.0931712962962963
2 0.5762803819444444 0.3980034722222222 0.09657118055555555 0.12644675925925927
2 0.7036675347222222 0.22337962962962962 0.11002604166666667 0.09664351851851852
2 0.6213107638888888 0.5973668981481481 0.06597222222222222 0.0859375
2 0.4384765625 0.5614872685185185 0.061848958333333336 0.08015046296296297
2 0.6759982638888888 0.4891493055555556 0.029079861111111112 0.04079861111111111
2 0.7333984375 0.40870949074074076 0.03146701388888889 0.04716435185185185
2 0.7414279513888888 0.3097511574074074 0.03927951388888889 0.039641203703703706
2 0.21983506944444445 0.7126736111111112 0.052083333333333336 0.059027777777777776
2 0.22265625 0.8508391203703703 0.040364583333333336 0.04600694444444445
2 0.2443576388888889 0.06148726851851852 0.048177083333333336 0.038483796296296294
2 0.22786458333333334 0.02662037037037037 0.03125 0.028935185185185185
2 0.4465060763888889 0.2523148148148148 0.027994791666666668 0.036458333333333336
2 0.5465494791666666 0.22236689814814814 0.022352430555555556 0.025752314814814815
2 0.5587022569444444 0.31452546296296297 0.04014756944444445 0.03414351851851852
2 0.14029947916666666 0.41304976851851855 0.024956597222222224 0.053530092592592594
2 0.14344618055555555 0.7184606481481481 0.05555555555555555 0.05555555555555555
2 0.12217881944444445 0.7860243055555556 0.04513888888888889 0.049479166666666664
2 0.33203125 0.4270833333333333 0.03689236111111111 0.04918981481481482
2 0.3745659722222222 0.3910590277777778 0.033854166666666664 0.04195601851851852
2 0.4142795138888889 0.4136284722222222 0.021701388888888888 0.0546875
