2 0.17573302469135801 0.49855324074074076 0.03279320987654321 0.03877314814814815
2 0.1730324074074074 0.5448495370370371 0.03665123456790124 0.03761574074074074
2 0.3809799382716049 0.4620949074074074 0.028935185185185185 0.045717592592592594
2 0.24016203703703703 0.6432291666666666 0.02353395061728395 0.041087962962962965
2 0.26697530864197533 0.7517361111111112 0.02546296296296296 0.03819444444444445
2 0.35281635802469136 0.6675347222222222 0.02816358024691358 0.043402777777777776
2 0.42939814814814814 0.7123842592592593 0.030864197530864196 0.037037037037037035
2 0.36072530864197533 0.26273148148148145 0.024691358024691357 0.032407407407407406
2 0.47646604938271603 0.5124421296296297 0.021604938271604937 0.03530092592592592
2 0.5173611111111112 0.5185185185185185 0.020061728395061727 0.03009259259259259
2 0.5677083333333334 0.49537037037037035 0.022762345679012346 0.03009259259259259
2 0.48032407407407407 0.6001157407407407 0.015432098765432098 0.027777777777777776
2 0.9008487654320988 0.6443865740740741 0.024691358024691357 0.03877314814814815
2 0.7530864197530864 0.6009837962962963 0.020061728395061727 0.031828703703703706
