2 0.16184413580246915 0.28935185185185186 0.024305555555555556 0.037037037037037035
2 0.20505401234567902 0.3090277777777778 0.030478395061728395 0.028935185185185185
2 0.36149691358024694 0.3211805555555556 0.020061728395061727 0.028935185185185185
2 0.37712191358024694 0.3845486111111111 0.022762345679012346 0.03993055555555555
2 0.5065586419753086 0.2740162037037037 0.037037037037037035 0.043402777777777776
2 0.6780478395061729 0.2300347222222222 0.02662037037037037 0.04456018518518518
2 0.5835262345679012 0.4592013888888889 0.028935185185185185 0.04456018518518518
2 0.5607638888888888 0.5778356481481481 0.03279320987654321 0.043402777777777776
2 0.796875 0.7045717592592593 0.028935185185185185 0.050347222222222224
2 0.8497299382716049 0.5347222222222222 0.028935185185185185 0.046296296296296294
2 0.8981481481481481 0.7361111111111112 0.019290123456790122 0.03125
2 0.6766975308641975 0.5159143518518519 0.020061728395061727 0.04224537037037037
