2 0.24614197530864199 0.7054398148148148 0.023919753086419752 0.02546296296296296
2 0.27835648148148145 0.8651620370370371 0.03510802469135803 0.05092592592592592
2 0.27314814814814814 0.90625 0.024691358024691357 0.03125
2 0.4998070987654321 0.39554398148148145 0.02970679012345679 0.03530092592592592
2 0.2777777777777778 0.9583333333333334 0.03780864197530864 0.052083333333333336
2 0.6167052469135802 0.3900462962962963 0.03202160493827161 0.02662037037037037
2 0.6745756172839507 0.5630787037037037 0.030478395061728395 0.047453703703703706
2 0.7935956790123457 0.5743634259259259 0.037037037037037035 0.03877314814814815
2 0.7908950617283951 0.9673032407407407 0.038580246913580245 0.048032407407407406
2 0.6832561728395061 0.19212962962962962 0.040123456790123455 0.05555555555555555
2 0.2679398148148148 0.6637731481481481 0.028935185185185185 0.02662037037037037
