2 0.3359375 0.4269179894179894 0.03050595238095238 0.03306878306878307
2 0.470734126984127 0.21114417989417988 0.0248015873015873 0.03406084656084656
2 0.2435515873015873 0.8629298941798942 0.02976190476190476 0.03406084656084656
2 0.2994791666666667 0.8627645502645502 0.028025793650793652 0.04034391534391534
2 0.818328373015873 0.8857473544973545 0.031994047619047616 0.045965608465608467
2 0.43117559523809523 0.7177579365079365 0.017609126984126984 0.03009259259259259
2 0.44828869047619047 0.7374338624338624 0.015128968253968254 0.031084656084656083
2 0.41431051587301587 0.5929232804232805 0.029017857142857144 0.021164021164021163
2 0.43787202380952384 0.6665013227513228 0.021577380952380952 0.036044973544973546
2 0.5075644841269841 0.6307870370370371 0.021577380952380952 0.02017195767195767
2 0.5002480158730159 0.6889880952380952 0.0248015873015873 0.04927248677248677
2 0.5231894841269841 0.7060185185185185 0.019097222222222224 0.025793650793650792
2 0.535094246031746 0.5603505291005291 0.019097222222222224 0.03736772486772487
2 0.5503472222222222 0.6200396825396826 0.014384920634920634 0.022486772486772486
2 0.5675843253968254 0.6350859788359788 0.021577380952380952 0.035383597883597885
2 0.6083829365079365 0.6003637566137566 0.016865079365079364 0.03207671957671958
2 0.6626984126984127 0.6990740740740741 0.023313492063492064 0.022486772486772486
2 0.568328373015873 0.44990079365079366 0.029513888888888888 0.023478835978835978
2 0.6063988095238095 0.43617724867724866 0.022321428571428572 0.036375661375661374
2 0.6279761904761905 0.42658730158730157 0.020833333333333332 0.02976190476190476
2 0.6603422619047619 0.4393187830687831 0.018601190476190476 0.040674603174603176
2 0.7264384920634921 0.3341600529100529 0.020833333333333332 0.028769841269841268
2 0.7527281746031746 0.3219246031746032 0.019345238095238096 0.02546296296296296
2 0.7219742063492064 0.429728835978836 0.023313492063492064 0.023478835978835978
2 0.7620287698412699 0.42824074074074076 0.021577380952380952 0.03306878306878307
2 0.8639632936507936 0.4148478835978836 0.022569444444444444 0.036044973544973546
2 0.7320188492063492 0.4990079365079365 0.024057539682539684 0.025793650793650792
2 0.7868303571428571 0.47040343915343913 0.028025793650793652 0.023478835978835978
2 0.8152281746031746 0.47354497354497355 0.022321428571428572 0.027777777777777776
2 0.7859623015873016 0.4975198412698413 0.023313492063492064 0.018187830687830687
2 0.7591765873015873 0.5550595238095238 0.027281746031746032 0.0248015873015873
2 0.7767857142857143 0.24619708994708994 0.015873015873015872 0.021494708994708994
