2 0.3412422839506173 0.30092592592592593 0.03125 0.06018518518518518
2 0.5023148148148148 0.2170138888888889 0.03935185185185185 0.07407407407407407
2 0.33024691358024694 0.49681712962962965 0.023148148148148147 0.046875
2 0.4234182098765432 0.5292245370370371 0.04282407407407408 0.061921296296296294
2 0.6157407407407407 0.5491898148148148 0.05478395061728395 0.03356481481481482
2 0.6469907407407407 0.5821759259259259 0.03780864197530864 0.027777777777777776
2 0.4342206790123457 0.6157407407407407 0.03510802469135803 0.05787037037037037
2 0.4672067901234568 0.6316550925925926 0.032407407407407406 0.05150462962962963
2 0.5021219135802469 0.6889467592592593 0.062114197530864196 0.06076388888888889
2 0.5229552469135802 0.6322337962962963 0.03279320987654321 0.045717592592592594
2 0.5673225308641975 0.6299189814814815 0.02507716049382716 0.03414351851851852
2 0.8148148148148148 0.7256944444444444 0.034722222222222224 0.061342592592592594
2 0.9672067901234568 0.7355324074074074 0.038580246913580245 0.04976851851851852
2 0.8692129629629629 0.9696180555555556 0.037037037037037035 0.043402777777777776
