2 0.17939814814814814 0.4195601851851852 0.033950617283950615 0.034722222222222224
2 0.43537808641975306 0.2899305555555556 0.03587962962962963 0.08680555555555555
2 0.5210262345679012 0.18200231481481483 0.030478395061728395 0.04918981481481482
2 0.6469907407407407 0.33391203703703703 0.03780864197530864 0.06597222222222222
2 0.6203703703703703 0.5214120370370371 0.04089506172839506 0.07175925925925926
2 0.7183641975308642 0.5347222222222222 0.036265432098765434 0.04050925925925926
2 0.8109567901234568 0.05295138888888889 0.03780864197530864 0.06886574074074074
2 0.8341049382716049 0.15538194444444445 0.021604938271604937 0.03993055555555555
2 0.9776234567901234 0.7554976851851852 0.040123456790123455 0.06770833333333333
2 0.010223765432098766 0.7572337962962963 0.02044753086419753 0.06655092592592593
2 0.006172839506172839 0.8969907407407407 0.012345679012345678 0.06828703703703703
2 0.041666666666666664 0.9864004629629629 0.033179012345679014 0.026041666666666668
