2 0.1857638888888889 0.5847800925925926 0.04359567901234568 0.04224537037037037
2 0.40933641975308643 0.4699074074074074 0.05169753086419753 0.059027777777777776
2 0.4542824074074074 0.2682291666666667 0.04513888888888889 0.043402777777777776
2 0.45698302469135804 0.6449652777777778 0.047453703703703706 0.0642361111111111
2 0.498070987654321 0.6148726851851852 0.04243827160493827 0.05381944444444445
2 0.5873842592592593 0.6073495370370371 0.02970679012345679 0.04224537037037037
2 0.6010802469135802 0.6707175925925926 0.04089506172839506 0.03356481481481482
2 0.7609953703703703 0.46238425925925924 0.03279320987654321 0.05324074074074074
2 0.8763503086419753 0.46498842592592593 0.025848765432098766 0.045717592592592594
2 0.8356481481481481 0.5847800925925926 0.033179012345679014 0.03761574074074074
