2 0.1415895061728395 0.30931712962962965 0.041666666666666664 0.07002314814814815
2 0.18248456790123457 0.5924479166666666 0.06674382716049383 0.059895833333333336
2 0.4020061728395062 0.5957754629629629 0.035493827160493825 0.05787037037037037
2 0.45804398148148145 0.5852141203703703 0.036458333333333336 0.04137731481481482
2 0.5140817901234568 0.4956597222222222 0.035493827160493825 0.07118055555555555
2 0.5708912037037037 0.6180555555555556 0.024498456790123458 0.03356481481481482
2 0.12413194444444445 0.6659432870370371 0.04533179012345679 0.04658564814814815
2 0.04070216049382716 0.7282986111111112 0.02970679012345679 0.028935185185185185
2 0.1497878086419753 0.7416087962962963 0.05343364197530864 0.046875
2 0.14650848765432098 0.7822627314814815 0.033371913580246916 0.0390625
2 0.14342206790123457 0.8600983796296297 0.033371913580246916 0.0390625
2 0.27035108024691357 0.9574652777777778 0.036458333333333336 0.05787037037037037
2 0.19762731481481483 0.22743055555555555 0.01408179012345679 0.024305555555555556
2 0.7663001543209876 0.5067997685185185 0.04610339506172839 0.035590277777777776
