2 0.5051118827160493 0.5101273148148148 0.08005401234567901 0.13368055555555555
2 0.6879822530864198 0.3738425925925926 0.08082561728395062 0.10590277777777778
2 0.28520447530864196 0.3587962962962963 0.07503858024691358 0.1111111111111111
2 0.2810570987654321 0.8307291666666666 0.06520061728395062 0.07349537037037036
2 0.17351466049382716 0.9681712962962963 0.06809413580246913 0.056712962962962965
2 0.1449652777777778 0.5140335648148148 0.033371913580246916 0.05237268518518518
2 0.2179783950617284 0.7282986111111112 0.05632716049382716 0.046875
2 0.5144675925925926 0.8456307870370371 0.0466820987654321 0.06336805555555555
2 0.4554398148148148 0.2647569444444444 0.040123456790123455 0.09259259259259259
2 0.9833140432098766 0.8773148148148148 0.031828703703703706 0.10474537037037036
2 0.595679012345679 0.3765914351851852 0.03279320987654321 0.055844907407407406
2 0.6086998456790124 0.3337673611111111 0.031828703703703706 0.04137731481481482
2 0.5874807098765432 0.21629050925925927 0.023726851851851853 0.033275462962962965
