3 0.548125 0.6497005988023952 0.05675 0.08832335329341318
3 0.666625 0.6094685628742516 0.09075 0.09618263473053892
3 0.6855 0.20228293413173654 0.047 0.05576347305389222
3 0.718875 0.4586452095808383 0.03175 0.06699101796407185
3 0.758625 0.4249625748502994 0.04475 0.04303892215568862
3 0.801125 0.5147829341317365 0.03875 0.05426646706586826
3 0.161 0.33495508982035926 0.0445 0.0688622754491018
3 0.217875 0.33607784431137727 0.04475 0.06661676646706587
3 0.187875 0.43581586826347307 0.05625 0.06923652694610778
3 0.352625 0.3983907185628742 0.04325 0.07372754491017965
