3 0.2455 0.6667290419161677 0.038 0.04303892215568862
3 0.231875 0.7131362275449101 0.02875 0.038547904191616765
3 0.27 0.6929266467065869 0.0355 0.03630239520958084
3 0.40375 0.7653443113772455 0.047 0.0815868263473054
3 0.341 0.7090194610778443 0.047 0.07372754491017965
3 0.328 0.6588697604790419 0.0425 0.03630239520958084
3 0.376125 0.6667290419161677 0.05075 0.05651197604790419
3 0.33375 0.6002994011976048 0.031 0.0374251497005988
3 0.384875 0.5759730538922155 0.03775 0.05688622754491018
3 0.325 0.5465943113772455 0.0335 0.03405688622754491
3 0.352625 0.4977544910179641 0.05075 0.07260479041916168
3 0.414 0.39165419161676646 0.043 0.060254491017964075
3 0.47925 0.6672904191616766 0.075 0.13248502994011976
3 0.51375 0.5606287425149701 0.05 0.06212574850299401
3 0.454875 0.4552769461077844 0.04025 0.0625
3 0.48475 0.405875748502994 0.056 0.05426646706586826
3 0.54125 0.31175149700598803 0.031 0.05688622754491018
3 0.5905 0.3474925149700599 0.0355 0.06923652694610778
3 0.635125 0.48521706586826346 0.04925 0.09767964071856287
3 0.690125 0.5553892215568862 0.03775 0.06811377245508982
3 0.574125 0.6319236526946108 0.07425 0.07597305389221556
3 0.3065 0.8080089820359282 0.031 0.041916167664670656
