3 0.369 0.6734655688622755 0.1045 0.12013473053892215
3 0.442125 0.7436377245508982 0.04775 0.07260479041916168
3 0.2905 0.5821482035928144 0.078 0.08944610778443114
3 0.21025 0.6156437125748503 0.0385 0.0658682634730539
3 0.33525 0.4431137724550898 0.0415 0.0748502994011976
3 0.271625 0.1319236526946108 0.03725 0.046781437125748504
3 0.58825 0.8184880239520959 0.046 0.07035928143712575
3 0.50525 0.53125 0.0455 0.07148203592814371
3 0.559125 0.4472305389221557 0.03775 0.05089820359281437
3 0.48225 0.2254865269461078 0.0795 0.11115269461077844
3 0.164 0.21313622754491018 0.0415 0.04752994011976048
3 0.20525 0.499438622754491 0.041 0.04902694610778443
3 0.1485 0.46369760479041916 0.044 0.07260479041916168
3 0.14275 0.5690494011976048 0.072 0.10666167664670659
3 0.753 0.5974925149700598 0.059 0.16354790419161677
3 0.372 0.23577844311377247 0.038 0.061377245508982034
