3 0.25525 0.3321482035928144 0.059 0.11788922155688623
3 0.313625 0.3843562874251497 0.06225 0.08383233532934131
3 0.2105 0.594124251497006 0.0515 0.10217065868263472
3 0.487125 0.6633607784431138 0.06825 0.0999251497005988
3 0.546125 0.5508982035928144 0.06975 0.0748502994011976
3 0.445 0.563622754491018 0.078 0.07934131736526946
3 0.443875 0.37574850299401197 0.12575 0.16467065868263472
3 0.577625 0.3313997005988024 0.11875 0.1530688622754491
3 0.772375 0.37238023952095806 0.05675 0.12574850299401197
3 0.11925 0.8151197604790419 0.087 0.23353293413173654
3 0.629125 0.5067365269461078 0.04475 0.06362275449101797
3 0.34325 0.6332335329341318 0.041 0.08308383233532934
3 0.7015 0.6547529940119761 0.0395 0.04902694610778443
3 0.55375 0.46425898203592814 0.0575 0.0625
