3 0.16475 0.7546781437125748 0.06 0.08720059880239521
3 0.2155 0.8254116766467066 0.069 0.10441616766467066
3 0.347 0.7165044910179641 0.05 0.05875748502994012
3 0.4465 0.5295658682634731 0.078 0.06811377245508982
3 0.517125 0.6592440119760479 0.05075 0.0782185628742515
3 0.45375 0.7870508982035929 0.0395 0.07709580838323353
3 0.112125 0.6321107784431138 0.04525 0.0531437125748503
3 0.410625 0.33944610778443113 0.04225 0.05538922155688623
3 0.75225 0.8197979041916168 0.0865 0.17926646706586827
3 0.884875 0.5681137724550899 0.05925 0.08832335329341318
3 0.6375 0.5379865269461078 0.0525 0.0625
3 0.486 0.375187125748503 0.0705 0.08196107784431138
3 0.3575 0.5776571856287425 0.059 0.08720059880239521
3 0.790125 0.9535928143712575 0.05925 0.0748502994011976
3 0.926125 0.7155688622754491 0.09625 0.15194610778443113
3 0.7405 0.6236901197604791 0.04 0.04303892215568862
3 0.35375 0.4438622754491018 0.0425 0.09880239520958084
3 0.525 0.47567365269461076 0.0395 0.041916167664670656
3 0.29425 0.3224176646706587 0.0855 0.08270958083832336
