3 0.103125 0.37406437125748504 0.07125 0.12462574850299402
3 0.199625 0.23334580838323354 0.05975 0.11339820359281437
3 0.27875 0.25729790419161674 0.085 0.13136227544910178
3 0.38075 0.719498502994012 0.0765 0.14184131736526945
3 0.39775 0.8594685628742516 0.032 0.06324850299401198
3 0.557875 0.75 0.05075 0.05763473053892216
3 0.53475 0.43076347305389223 0.05 0.07934131736526946
3 0.618875 0.4223428143712575 0.12125 0.13510479041916168
3 0.75575 0.4184131736526946 0.075 0.0748502994011976
3 0.81625 0.4812874251497006 0.04 0.05763473053892216
3 0.694625 0.530688622754491 0.06675 0.0748502994011976
3 0.608375 0.5284431137724551 0.06375 0.07934131736526946
3 0.698875 0.25149700598802394 0.04475 0.07260479041916168
3 0.864 0.4178517964071856 0.0915 0.15531437125748504
3 0.43025 0.468188622754491 0.035 0.04341317365269461
3 0.20825 0.47717065868263475 0.0515 0.061377245508982034
3 0.52725 0.8265344311377245 0.053 0.1156437125748503
