3 0.141625 0.3416916167664671 0.06975 0.10329341317365269
3 0.617375 0.2062125748502994 0.06975 0.09281437125748503
3 0.695875 0.2934131736526946 0.08875 0.0748502994011976
3 0.6405 0.6206961077844312 0.0645 0.07148203592814371
3 0.704875 0.5958083832335329 0.06425 0.05089820359281437
3 0.214375 0.27994011976047906 0.04375 0.06362275449101797
3 0.306375 0.19610778443113772 0.05525 0.061377245508982034
3 0.351125 0.14782934131736528 0.04625 0.048652694610778445
3 0.1205 0.21538173652694612 0.0605 0.05651197604790419
3 0.28225 0.5396706586826348 0.0355 0.05913173652694611
3 0.529125 0.4240269461077844 0.08725 0.07709580838323353
3 0.5205 0.593562874251497 0.041 0.048652694610778445
3 0.354125 0.3400074850299401 0.05675 0.045284431137724554
3 0.797 0.5136601796407185 0.0605 0.052020958083832336
