3 0.279625 0.5855164670658682 0.07425 0.08046407185628743
3 0.553375 0.6229416167664671 0.13875 0.06699101796407185
3 0.32275 0.4195359281437126 0.062 0.07260479041916168
3 0.38025 0.13304640718562874 0.044 0.04902694610778443
3 0.3905 0.6167664670658682 0.1175 0.07035928143712575
3 0.719625 0.28274700598802394 0.07425 0.08046407185628743
3 0.656375 0.5520209580838323 0.15075 0.07035928143712575
3 0.806 0.436938622754491 0.047 0.0625
3 0.364 0.2277320359281437 0.066 0.13360778443113772
3 0.486375 0.1687874251497006 0.07875 0.06811377245508982
3 0.48175 0.26646706586826346 0.0485 0.07260479041916168
3 0.387875 0.33327095808383234 0.03025 0.05426646706586826
3 0.423125 0.29416167664670656 0.03275 0.04416167664670659
3 0.44125 0.34449850299401197 0.031 0.038547904191616765
3 0.521875 0.4041916167664671 0.02725 0.041916167664670656
3 0.712125 0.46369760479041916 0.03175 0.050149700598802395
