3 0.123875 0.5815868263473054 0.15075 0.08832335329341318
3 0.518125 0.6027320359281437 0.06375 0.06923652694610778
3 0.27875 0.6021706586826348 0.094 0.07709580838323353
3 0.366375 0.5589446107784432 0.04625 0.049775449101796404
3 0.358 0.6268712574850299 0.0385 0.0658682634730539
3 0.311375 0.6949850299401198 0.03925 0.06362275449101797
3 0.389 0.7425149700598802 0.046 0.06811377245508982
3 0.395375 0.6513847305389222 0.03325 0.05576347305389222
3 0.42875 0.5804640718562875 0.0605 0.09505988023952096
3 0.669375 0.2561751497005988 0.05675 0.10666167664670659
3 0.653 0.5016841317365269 0.0455 0.060254491017964075
3 0.66675 0.5572604790419161 0.05 0.06437125748502993
3 0.46325 0.718375748502994 0.0915 0.08944610778443114
3 0.548875 0.7069610778443114 0.04775 0.06661676646706587
3 0.7925 0.6206961077844312 0.056 0.08046407185628743
3 0.798125 0.499438622754491 0.05375 0.0625
3 0.870125 0.5112275449101796 0.06275 0.0748502994011976
3 0.754875 0.2715194610778443 0.09325 0.14857784431137724
