3 0.073375 0.5679266467065869 0.07575 0.12911676646706588
3 0.184 0.22324101796407186 0.044 0.06324850299401198
3 0.144375 0.2623502994011976 0.04175 0.06212574850299401
3 0.24275 0.20508982035928144 0.0705 0.10853293413173652
3 0.32125 0.3690119760479042 0.0895 0.20059880239520958
3 0.507875 0.6231287425149701 0.09775 0.11002994011976049
3 0.410125 0.7692739520958084 0.15075 0.12387724550898203
3 0.464375 0.4721182634730539 0.16825 0.12836826347305388
3 0.466625 0.2877994011976048 0.05775 0.13847305389221556
3 0.6685 0.49494760479041916 0.213 0.4569610778443114
