3 0.072 0.45789670658682635 0.047 0.09543413173652694
3 0.20575 0.6594311377245509 0.069 0.11002994011976049
3 0.129875 0.43862275449101795 0.05075 0.08607784431137724
3 0.24275 0.41373502994011974 0.0615 0.09094311377245509
3 0.3435 0.3849176646706587 0.0855 0.08720059880239521
3 0.358375 0.4743637724550898 0.08625 0.08495508982035928
3 0.45725 0.4840943113772455 0.113 0.12013473053892215
3 0.547 0.5396706586826348 0.0665 0.10404191616766467
3 0.609875 0.44779191616766467 0.06525 0.08869760479041916
3 0.503875 0.36620508982035926 0.06975 0.09543413173652694
3 0.7545 0.7449476047904192 0.047 0.08420658682634731
