2 0.3907335069444444 0.47800925925925924 0.07877604166666667 0.10185185185185185
2 0.4786241319444444 0.4269386574074074 0.06358506944444445 0.09230324074074074
2 0.7815755208333334 0.4162326388888889 0.08441840277777778 0.059895833333333336
2 0.8307291666666666 0.3728298611111111 0.09071180555555555 0.07378472222222222
2 0.9139539930555556 0.53515625 0.04014756944444445 0.06221064814814815
2 0.09895833333333333 0.19126157407407407 0.0546875 0.07928240740740741
2 0.22623697916666666 0.20572916666666666 0.041015625 0.048032407407407406
2 0.1732855902777778 0.2717013888888889 0.04578993055555555 0.0642361111111111
2 0.5915798611111112 0.2994791666666667 0.03689236111111111 0.04918981481481482
2 0.5437282986111112 0.4756944444444444 0.05056423611111111 0.06539351851851852
2 0.7314453125 0.4800347222222222 0.048394097222222224 0.056712962962962965
2 0.7772352430555556 0.5020254629629629 0.038411458333333336 0.04513888888888889
2 0.8790147569444444 0.43504050925925924 0.04578993055555555 0.030960648148148147
