2 0.38416280864197533 0.40943287037037035 0.03414351851851852 0.08564814814814815
2 0.4513888888888889 0.5101273148148148 0.0941358024691358 0.1579861111111111
2 0.543016975308642 0.6219618055555556 0.06365740740740741 0.11487268518518519
2 0.6045524691358025 0.6030092592592593 0.05941358024691358 0.11921296296296297
2 0.6416859567901234 0.4244791666666667 0.07118055555555555 0.16261574074074073
2 0.4940200617283951 0.8229166666666666 0.0787037037037037 0.1267361111111111
2 0.4302662037037037 0.9392361111111112 0.0623070987654321 0.09895833333333333
2 0.7629243827160493 0.026475694444444444 0.0466820987654321 0.05237268518518518
2 0.4402006172839506 0.15726273148148148 0.03780864197530864 0.048900462962962965
2 0.41097608024691357 0.25245949074074076 0.06076388888888889 0.09461805555555555
2 0.2551118827160494 0.39438657407407407 0.03260030864197531 0.05787037037037037
2 0.26591435185185186 0.46672453703703703 0.08236882716049383 0.06481481481481481
2 0.2784529320987654 0.5144675925925926 0.031828703703703706 0.028935185185185185
2 0.3211805555555556 0.42939814814814814 0.05632716049382716 0.12789351851851852
