2 0.039544753086419755 0.8156828703703703 0.04359567901234568 0.043402777777777776
2 0.03356481481481482 0.8614004629629629 0.036265432098765434 0.03877314814814815
2 0.01273148148148148 0.9004629629629629 0.023148148148148147 0.056712962962962965
2 0.05690586419753087 0.7129629629629629 0.03125 0.05092592592592592
2 0.029128086419753087 0.6099537037037037 0.021219135802469136 0.027777777777777776
2 0.1537422839506173 0.5986689814814815 0.05594135802469136 0.048032407407407406
2 0.1541280864197531 0.6423611111111112 0.02816358024691358 0.032407407407407406
2 0.18479938271604937 0.6629050925925926 0.03780864197530864 0.03761574074074074
2 0.2872299382716049 0.4756944444444444 0.04359567901234568 0.06018518518518518
2 0.3248456790123457 0.3081597222222222 0.037037037037037035 0.045717592592592594
2 0.3377700617283951 0.3784722222222222 0.03819444444444445 0.052083333333333336
2 0.357445987654321 0.4791666666666667 0.03279320987654321 0.046296296296296294
2 0.44039351851851855 0.4279513888888889 0.047453703703703706 0.078125
2 0.49382716049382713 0.30439814814814814 0.041666666666666664 0.06018518518518518
2 0.613233024691358 0.37210648148148145 0.02970679012345679 0.05324074074074074
2 0.605516975308642 0.44560185185185186 0.030478395061728395 0.06018518518518518
2 0.5756172839506173 0.5225694444444444 0.032407407407407406 0.0775462962962963
2 0.6448688271604939 0.4134837962962963 0.024305555555555556 0.04456018518518518
2 0.6749614197530864 0.4548611111111111 0.03279320987654321 0.06018518518518518
2 0.7058256172839507 0.5674189814814815 0.03510802469135803 0.041087962962962965
2 0.7384259259259259 0.3394097222222222 0.034722222222222224 0.06076388888888889
2 0.8489583333333334 0.5636574074074074 0.03356481481481482 0.03819444444444445
2 0.8879243827160493 0.6594328703703703 0.03125 0.03298611111111111
2 0.9172453703703703 0.4375 0.04205246913580247 0.05439814814814815
