2 0.04398148148148148 0.36140046296296297 0.04938271604938271 0.07118055555555555
2 0.19116512345679013 0.2977430555555556 0.047453703703703706 0.06655092592592593
2 0.4079861111111111 0.5847800925925926 0.04436728395061729 0.046875
2 0.40046296296296297 0.6478587962962963 0.043209876543209874 0.07465277777777778
2 0.21508487654320987 0.9337384259259259 0.02970679012345679 0.03414351851851852
2 0.5524691358024691 0.6423611111111112 0.033950617283950615 0.056712962962962965
2 0.5366512345679012 0.6840277777777778 0.020061728395061727 0.03356481481481482
2 0.5974151234567902 0.5593171296296297 0.04050925925925926 0.061921296296296294
2 0.6770833333333334 0.5309606481481481 0.035493827160493825 0.0630787037037037
2 0.6641589506172839 0.31712962962962965 0.025848765432098766 0.032407407407407406
2 0.7858796296296297 0.32233796296296297 0.033179012345679014 0.05092592592592592
2 0.8823302469135802 0.5703125 0.04089506172839506 0.03530092592592592
2 0.8755787037037037 0.6064814814814815 0.03202160493827161 0.037037037037037035
