2 0.2185570987654321 0.3833912037037037 0.045910493827160496 0.046875
2 0.3879243827160494 0.37210648148148145 0.045910493827160496 0.0625
2 0.38773148148148145 0.45023148148148145 0.037037037037037035 0.06018518518518518
2 0.41878858024691357 0.5607638888888888 0.0466820987654321 0.059027777777777776
2 0.4554398148148148 0.6281828703703703 0.02816358024691358 0.03530092592592592
2 0.6626157407407407 0.3532986111111111 0.0466820987654321 0.08275462962962964
2 0.6963734567901234 0.1802662037037037 0.022376543209876542 0.041087962962962965
2 0.746141975308642 0.4001736111111111 0.023919753086419752 0.046875
2 0.8204089506172839 0.3697916666666667 0.02662037037037037 0.05787037037037037
2 0.8341049382716049 0.48842592592592593 0.04243827160493827 0.05439814814814815
2 0.6801697530864198 0.7922453703703703 0.040123456790123455 0.027777777777777776
2 0.7444058641975309 0.796875 0.025848765432098766 0.037037037037037035
2 0.7845293209876543 0.7178819444444444 0.027391975308641976 0.043402777777777776
2 0.16242283950617284 0.6681134259259259 0.037037037037037035 0.06886574074074074
