2 0.14342206790123457 0.30714699074074076 0.04378858024691358 0.06568287037037036
2 0.18422067901234568 0.5891203703703703 0.06597222222222222 0.06886574074074074
2 0.4039351851851852 0.5941840277777778 0.03935185185185185 0.06336805555555555
2 0.513695987654321 0.4917534722222222 0.034722222222222224 0.06568287037037036
2 0.1497878086419753 0.7644675925925926 0.05497685185185185 0.08333333333333333
2 0.14091435185185186 0.8589409722222222 0.03260030864197531 0.03443287037037037
2 0.45688657407407407 0.5902777777777778 0.03260030864197531 0.03761574074074074
2 0.5701195987654321 0.6213831018518519 0.022955246913580248 0.035590277777777776
2 0.18759645061728394 0.3046875 0.03993055555555555 0.07233796296296297
2 0.8516589506172839 0.4788773148148148 0.05787037037037037 0.08912037037037036
2 0.2718942901234568 0.9603587962962963 0.033371913580246916 0.061342592592592594
