2 0.28433641975308643 0.3098958333333333 0.06867283950617284 0.04918981481481482
2 0.28761574074074076 0.3804976851851852 0.03279320987654321 0.048032407407407406
2 0.24768518518518517 0.4230324074074074 0.035493827160493825 0.05439814814814815
2 0.16898148148148148 0.5622106481481481 0.02700617283950617 0.043402777777777776
2 0.2336033950617284 0.6160300925925926 0.02507716049382716 0.03993055555555555
2 0.25540123456790126 0.5364583333333334 0.024691358024691357 0.034722222222222224
2 0.4650848765432099 0.6472800925925926 0.03279320987654321 0.03761574074074074
2 0.6282793209876543 0.47800925925925924 0.02816358024691358 0.03819444444444445
2 0.6454475308641975 0.4351851851851852 0.040123456790123455 0.061342592592592594
2 0.6946373456790124 0.4068287037037037 0.03665123456790124 0.05555555555555555
2 0.7270447530864198 0.4085648148148148 0.02662037037037037 0.037037037037037035
2 0.7658179012345679 0.44241898148148145 0.05246913580246913 0.05150462962962963
2 0.654320987654321 0.7838541666666666 0.041666666666666664 0.04224537037037037
2 0.5860339506172839 0.12528935185185186 0.035493827160493825 0.04456018518518518
2 0.8449074074074074 0.1634837962962963 0.02700617283950617 0.043402777777777776
2 0.8699845679012346 0.15914351851851852 0.022376543209876542 0.032407407407407406
2 0.4994212962962963 0.2552083333333333 0.04513888888888889 0.06018518518518518
