2 0.1931905864197531 0.026041666666666668 0.07349537037037036 0.04918981481481482
2 0.6431327160493827 0.05830439814814815 0.048996913580246916 0.07320601851851852
2 0.7307098765432098 0.4049479166666667 0.04436728395061729 0.09461805555555555
2 0.19058641975308643 0.18344907407407407 0.047453703703703706 0.056712962962962965
2 0.1634837962962963 0.5044849537037037 0.04224537037037037 0.09114583333333333
2 0.09673996913580248 0.9291087962962963 0.03915895061728395 0.07465277777777778
2 0.38686342592592593 0.39380787037037035 0.07349537037037036 0.1388888888888889
2 0.2940779320987654 0.5695891203703703 0.04224537037037037 0.03674768518518518
2 0.34934413580246915 0.6176215277777778 0.06520061728395062 0.13686342592592593
2 0.5026041666666666 0.46672453703703703 0.09278549382716049 0.19386574074074073
2 0.5942322530864198 0.46339699074074076 0.09047067901234568 0.15364583333333334
2 0.5340470679012346 0.5779803240740741 0.04147376543209876 0.055844907407407406
2 0.7029320987654321 0.9089988425925926 0.04822530864197531 0.06336805555555555
