2 0.14074900793650794 0.3235780423280423 0.03695436507936508 0.09093915343915344
2 0.14719742063492064 0.6168981481481481 0.031994047619047616 0.06911375661375661
2 0.3318452380952381 0.5545634920634921 0.041666666666666664 0.05092592592592592
2 0.4263392857142857 0.6003637566137566 0.03521825396825397 0.044642857142857144
2 0.4443204365079365 0.6622023809523809 0.04241071428571429 0.05125661375661376
2 0.48747519841269843 0.7956349206349206 0.035962301587301584 0.04034391534391534
2 0.5767609126984127 0.4634589947089947 0.02703373015873016 0.05654761904761905
2 0.6014384920634921 0.4201388888888889 0.028769841269841268 0.05787037037037037
2 0.6271081349206349 0.44212962962962965 0.02554563492063492 0.03306878306878307
2 0.6400049603174603 0.6388888888888888 0.03050595238095238 0.036375661375661374
2 0.6155753968253969 0.7341269841269841 0.03125 0.03306878306878307
2 0.6587301587301587 0.7615740740740741 0.037698412698412696 0.046957671957671955
2 0.6987847222222222 0.6501322751322751 0.05530753968253968 0.07142857142857142
2 0.7760416666666666 0.5347222222222222 0.03521825396825397 0.05026455026455026
2 0.7843501984126984 0.6484788359788359 0.03943452380952381 0.04894179894179894
2 0.8427579365079365 0.5737433862433863 0.036210317460317464 0.04497354497354497
2 0.8659474206349206 0.5396825396825397 0.050347222222222224 0.04497354497354497
