2 0.380883487654321 0.2074652777777778 0.049575617283950615 0.07349537037037036
2 0.4053819444444444 0.28197337962962965 0.04070216049382716 0.06221064814814815
2 0.48736496913580246 0.26359953703703703 0.050347222222222224 0.061342592592592594
2 0.47173996913580246 0.41652199074074076 0.051890432098765434 0.06452546296296297
2 0.5481288580246914 0.7010995370370371 0.03260030864197531 0.056712962962962965
2 0.5679012345679012 0.7505787037037037 0.028935185185185185 0.04456018518518518
2 0.5946180555555556 0.6854745370370371 0.024498456790123458 0.043402777777777776
2 0.6257716049382716 0.6971932870370371 0.03780864197530864 0.037905092592592594
2 0.6272183641975309 0.7599826388888888 0.027584876543209878 0.04542824074074074
2 0.6063850308641975 0.8110532407407407 0.022955246913580248 0.043402777777777776
2 0.6123649691358025 0.5441261574074074 0.026041666666666668 0.0390625
2 0.5226658950617284 0.40827546296296297 0.022955246913580248 0.027777777777777776
2 0.9585262345679012 0.7984664351851852 0.02816358024691358 0.037905092592592594
2 0.9436728395061729 0.8462094907407407 0.02970679012345679 0.037905092592592594
