2 0.038483796296296294 0.20240162037037038 0.025270061728395063 0.04137731481481482
2 0.07744984567901235 0.3939525462962963 0.04070216049382716 0.05005787037037037
2 0.08005401234567901 0.3464988425925926 0.03279320987654321 0.040219907407407406
2 0.11863425925925926 0.6342592592592593 0.037037037037037035 0.032407407407407406
2 0.0941358024691358 0.6765046296296297 0.02662037037037037 0.034722222222222224
2 0.17274305555555555 0.7554976851851852 0.04147376543209876 0.043402777777777776
2 0.2021604938271605 0.9291087962962963 0.03780864197530864 0.05439814814814815
2 0.3178047839506173 0.7248263888888888 0.04070216049382716 0.05555555555555555
2 0.4079861111111111 0.3894675925925926 0.020833333333333332 0.045717592592592594
2 0.44839891975308643 0.4322916666666667 0.022955246913580248 0.04456018518518518
2 0.5284529320987654 0.5473090277777778 0.024498456790123458 0.03674768518518518
2 0.5978973765432098 0.6131365740740741 0.025270061728395063 0.041087962962962965
2 0.9610339506172839 0.4327256944444444 0.021604938271604937 0.03674768518518518
2 0.9369212962962963 0.1841724537037037 0.045910493827160496 0.051215277777777776
2 0.8813657407407407 0.33203125 0.017746913580246913 0.04658564814814815
2 0.9740547839506173 0.2803819444444444 0.020640432098765434 0.027777777777777776
2 0.9066358024691358 0.5675636574074074 0.11574074074074074 0.1657986111111111
2 0.35831404320987653 0.10127314814814815 0.03414351851851852 0.043402777777777776
2 0.824266975308642 0.41550925925925924 0.019290123456790122 0.03993055555555555
