2 0.41300154320987653 0.4302662037037037 0.03279320987654321 0.05150462962962963
2 0.6296296296296297 0.2760416666666667 0.040123456790123455 0.04976851851851852
2 0.5202546296296297 0.41724537037037035 0.03665123456790124 0.04976851851851852
2 0.519483024691358 0.5431134259259259 0.03510802469135803 0.050347222222222224
2 0.5094521604938271 0.5853587962962963 0.03433641975308642 0.031828703703703706
2 0.47087191358024694 0.7022569444444444 0.02970679012345679 0.050347222222222224
2 0.5067515432098766 0.7861689814814815 0.028935185185185185 0.04224537037037037
2 0.6161265432098766 0.5630787037037037 0.021604938271604937 0.034722222222222224
2 0.6793981481481481 0.5986689814814815 0.022376543209876542 0.041087962962962965
2 0.6560570987654321 0.6267361111111112 0.024305555555555556 0.034722222222222224
