0 0.533 0.13641467065868262 0.023 0.04902694610778443
0 0.6965 0.27095808383233533 0.0645 0.07260479041916168
0 0.68975 0.3572230538922156 0.058 0.1059131736526946
0 0.606125 0.593375748502994 0.02775 0.04154191616766467
0 0.681875 0.8008982035928144 0.03225 0.03967065868263473
0 0.74175 0.7404565868263473 0.025 0.06848802395209581
0 0.45475 0.8319610778443114 0.025 0.041916167664670656
0 0.341125 0.7292290419161677 0.02075 0.02657185628742515
0 0.295125 0.6532559880239521 0.02575 0.048278443113772454
0 0.96975 0.8149326347305389 0.0335 0.0437874251497006
