0 0.196875 0.39577095808383234 0.01625 0.02657185628742515
0 0.19675 0.4236526946107784 0.025 0.02245508982035928
0 0.320875 0.24756736526946108 0.01575 0.0280688622754491
0 0.48225 0.3224176646706587 0.0285 0.03630239520958084
0 0.56725 0.36826347305389223 0.023 0.03218562874251497
0 0.494 0.3791167664670659 0.022 0.04715568862275449
0 0.4 0.40755988023952094 0.0215 0.03967065868263473
0 0.320875 0.42664670658682635 0.02575 0.03293413173652695
0 0.305125 0.5031811377245509 0.01575 0.03630239520958084
0 0.21975 0.5683008982035929 0.022 0.0280688622754491
0 0.328625 0.7522455089820359 0.05275 0.08532934131736528
0 0.299375 0.5737275449101796 0.03425 0.04491017964071856
0 0.345375 0.4801646706586826 0.02075 0.050149700598802395
0 0.3355 0.5175898203592815 0.0235 0.02694610778443114
0 0.346125 0.5486526946107785 0.02625 0.0374251497005988
0 0.334 0.5870134730538922 0.0205 0.031062874251497005
0 0.35225 0.6085329341317365 0.0215 0.035179640718562874
0 0.387125 0.5726047904191617 0.01425 0.025449101796407185
0 0.41325 0.5430389221556886 0.018 0.0374251497005988
0 0.455125 0.6079715568862275 0.01275 0.023577844311377244
0 0.418625 0.6944236526946108 0.03725 0.05127245508982036
0 0.808 0.22024700598802396 0.0215 0.03929640718562874
0 0.88825 0.6137724550898204 0.0335 0.050149700598802395
0 0.890375 0.7367140718562875 0.01775 0.031062874251497005
0 0.75 0.4313248502994012 0.0515 0.09618263473053892
