0 0.337125 0.3166167664670659 0.03425 0.03967065868263473
0 0.45975 0.26403443113772457 0.0235 0.04154191616766467
0 0.713 0.3383233532934132 0.0315 0.04266467065868264
0 0.7425 0.36077844311377244 0.025 0.04491017964071856
0 0.380875 0.4416167664670659 0.04425 0.041916167664670656
0 0.59975 0.4433008982035928 0.0265 0.04902694610778443
0 0.546875 0.561377245508982 0.02925 0.04416167664670659
0 0.554375 0.6287425149700598 0.02275 0.035179640718562874
0 0.595 0.6534431137724551 0.03 0.035179640718562874
0 0.643625 0.5907559880239521 0.02875 0.05800898203592814
0 0.6455 0.47642215568862273 0.0235 0.04266467065868264
0 0.676125 0.4608907185628742 0.03375 0.06100299401197605
0 0.674375 0.5190868263473054 0.03125 0.04940119760479042
0 0.71225 0.5106661676646707 0.0285 0.04902694610778443
0 0.712875 0.5950598802395209 0.03425 0.04715568862275449
0 0.789 0.594498502994012 0.0305 0.035553892215568865
