0 0.13725 0.2717065868263473 0.0385 0.03967065868263473
0 0.094375 0.3379491017964072 0.03875 0.041916167664670656
0 0.109 0.3828592814371258 0.0305 0.02470059880239521
0 0.180375 0.3592814371257485 0.01925 0.029191616766467067
0 0.23225 0.30576347305389223 0.023 0.041916167664670656
0 0.206875 0.36208832335329344 0.02775 0.0407934131736527
0 0.41075 0.24869011976047903 0.0315 0.03405688622754491
0 0.32575 0.27432634730538924 0.0215 0.0344311377245509
0 0.327875 0.6848802395209581 0.04275 0.06661676646706587
0 0.370125 0.7052769461077845 0.02575 0.03405688622754491
0 0.405375 0.657185628742515 0.02775 0.04715568862275449
0 0.418625 0.5110404191616766 0.01725 0.04154191616766467
0 0.44075 0.4902694610778443 0.023 0.027694610778443114
0 0.4675 0.4651946107784431 0.025 0.035179640718562874
0 0.480375 0.41429640718562877 0.03225 0.04266467065868264
0 0.52375 0.42290419161676646 0.0185 0.025449101796407185
0 0.530875 0.37574850299401197 0.02425 0.03218562874251497
0 0.573 0.4608907185628742 0.0285 0.031062874251497005
0 0.514625 0.5340568862275449 0.02075 0.03218562874251497
0 0.481125 0.5898203592814372 0.02075 0.03218562874251497
0 0.5 0.5746631736526946 0.0185 0.03405688622754491
0 0.523 0.5806511976047904 0.0185 0.024326347305389222
0 0.548 0.5709206586826348 0.027 0.04154191616766467
0 0.5215 0.6485778443113772 0.0185 0.0344311377245509
0 0.55325 0.6186377245508982 0.025 0.0344311377245509
0 0.580875 0.623877245508982 0.01725 0.027694610778443114
0 0.462875 0.26422155688622756 0.04425 0.08008982035928144
0 0.97225 0.5795284431137725 0.0315 0.06324850299401198
0 0.978 0.5233907185628742 0.0185 0.03181137724550898
