0 0.295125 0.3358907185628742 0.03575 0.0437874251497006
0 0.3905 0.37219311377245506 0.025 0.0437874251497006
0 0.23375 0.4966317365269461 0.0615 0.07035928143712575
0 0.27475 0.4571482035928144 0.022 0.023577844311377244
0 0.283625 0.5121631736526946 0.03425 0.04154191616766467
0 0.565125 0.5233907185628742 0.02425 0.03630239520958084
0 0.627625 0.5233907185628742 0.02225 0.03181137724550898
0 0.614 0.5548278443113772 0.0165 0.02881736526946108
0 0.631875 0.5555763473053892 0.01775 0.03405688622754491
0 0.620125 0.5858907185628742 0.02275 0.03330838323353293
0 0.6055 0.6218188622754491 0.022 0.03630239520958084
0 0.6815 0.5495883233532934 0.0155 0.024326347305389222
0 0.6965 0.593375748502994 0.0345 0.04603293413173653
0 0.665125 0.7035928143712575 0.02425 0.02470059880239521
0 0.697875 0.6742140718562875 0.01575 0.023577844311377244
0 0.739375 0.6977919161676647 0.01575 0.0407934131736527
0 0.760375 0.6875 0.02075 0.050149700598802395
0 0.473375 0.7335329341317365 0.01925 0.02470059880239521
