0 0.191875 0.4779191616766467 0.02625 0.03967065868263473
0 0.215 0.5196482035928144 0.03 0.0654940119760479
0 0.24475 0.4260853293413174 0.0265 0.038547904191616765
0 0.2705 0.38604041916167664 0.048 0.08270958083832336
0 0.304375 0.3967065868263473 0.02125 0.03967065868263473
0 0.40825 0.41710329341317365 0.025 0.031062874251497005
0 0.398375 0.5430389221556886 0.02925 0.0374251497005988
0 0.394 0.8372005988023952 0.025 0.050149700598802395
0 0.43825 0.8100673652694611 0.0235 0.05127245508982036
0 0.5315 0.6802020958083832 0.033 0.05875748502994012
0 0.600125 0.3843562874251497 0.02125 0.0344311377245509
0 0.1065 0.4122380239520958 0.0255 0.04902694610778443
0 0.070375 0.4842814371257485 0.01925 0.05239520958083832
0 0.04975 0.5806511976047904 0.0295 0.048278443113772454
0 0.077625 0.5495883233532934 0.01625 0.02657185628742515
0 0.07975 0.6115269461077845 0.0265 0.02470059880239521
