0 0.327625 0.5351796407185628 0.04225 0.0531437125748503
0 0.539375 0.5449101796407185 0.03125 0.04266467065868264
0 0.949375 0.4805389221556886 0.03725 0.04715568862275449
0 0.8555 0.19517215568862276 0.0435 0.03630239520958084
0 0.7955 0.21968562874251496 0.0335 0.05763473053892216
0 0.923625 0.2630988023952096 0.02275 0.041916167664670656
0 0.90575 0.5239520958083832 0.037 0.06287425149700598
0 0.985125 0.6046032934131736 0.02725 0.0812125748502994
0 0.970375 0.7041541916167665 0.05775 0.07073353293413173
0 0.883625 0.9724925149700598 0.02575 0.04303892215568862
0 0.970125 0.9505988023952096 0.03725 0.04790419161676647
0 0.389375 0.9494760479041916 0.02725 0.03293413173652695
0 0.325125 0.7320359281437125 0.03725 0.04491017964071856
