3 0.173125 0.21070359281437126 0.03425 0.061377245508982034
3 0.2 0.3263473053892216 0.047 0.0658682634730539
3 0.270875 0.3815494011976048 0.04925 0.0625
3 0.423 0.2868637724550898 0.0295 0.03630239520958084
3 0.442375 0.32148203592814373 0.02725 0.041916167664670656
3 0.509875 0.2316616766467066 0.06225 0.09206586826347306
3 0.569 0.26627994011976047 0.0425 0.10890718562874252
3 0.343875 0.5153443113772455 0.07575 0.09655688622754491
3 0.42425 0.49831586826347307 0.05 0.08270958083832336
3 0.503875 0.37350299401197606 0.07875 0.09431137724550898
3 0.5545 0.5106661676646707 0.0835 0.1463323353293413
3 0.5985 0.3864146706586826 0.0835 0.11339820359281437
3 0.684125 0.41485778443113774 0.08625 0.1904940119760479
3 0.520875 0.6684131736526946 0.04025 0.059880239520958084
3 0.637875 0.5883233532934131 0.03325 0.07260479041916168
