3 0.21325 0.30482784431137727 0.0855 0.12013473053892215
3 0.539375 0.39333832335329344 0.04375 0.07260479041916168
3 0.5765 0.42907934131736525 0.0455 0.05576347305389222
3 0.721625 0.4313248502994012 0.04175 0.053517964071856286
3 0.73675 0.47679640718562877 0.0295 0.05089820359281437
3 0.485625 0.5153443113772455 0.03325 0.04640718562874251
3 0.532125 0.5226422155688623 0.04175 0.04752994011976048
3 0.535625 0.5656811377245509 0.04375 0.04752994011976048
3 0.501875 0.594124251497006 0.04775 0.049775449101796404
3 0.45825 0.6321107784431138 0.0455 0.05763473053892216
3 0.553375 0.718937125748503 0.04175 0.0658682634730539
3 0.579625 0.7739520958083832 0.03025 0.04640718562874251
3 0.654875 0.5986152694610778 0.06125 0.09543413173652694
3 0.63675 0.7834955089820359 0.0415 0.052020958083832336
3 0.720875 0.8583458083832335 0.05375 0.05875748502994012
3 0.90225 0.7606661676646707 0.085 0.10217065868263472
3 0.76175 0.7346556886227545 0.046 0.0658682634730539
3 0.73825 0.6463323353293413 0.0615 0.07035928143712575
