3 0.039125 0.5419161676646707 0.05075 0.04565868263473054
3 0.051875 0.6235029940119761 0.05825 0.09281437125748503
3 0.0185 0.6508233532934131 0.0355 0.05239520958083832
3 0.17575 0.6094685628742516 0.032 0.060254491017964075
3 0.197375 0.688248502994012 0.03275 0.08607784431137724
3 0.16775 0.719498502994012 0.0355 0.06474550898203593
3 0.234125 0.6974176646706587 0.04075 0.04303892215568862
3 0.030625 0.7359655688622755 0.05825 0.10217065868263472
3 0.077625 0.7153817365269461 0.02975 0.052020958083832336
3 0.033 0.9178517964071856 0.0385 0.10741017964071856
3 0.081375 0.9406811377245509 0.05525 0.07597305389221556
3 0.082125 0.8647080838323353 0.05375 0.06699101796407185
3 0.09925 0.8022080838323353 0.085 0.08270958083832336
3 0.15575 0.8826721556886228 0.034 0.05800898203592814
3 0.137125 0.9150449101796407 0.03775 0.04790419161676647
3 0.118875 0.9610778443113772 0.03475 0.041916167664670656
3 0.173375 0.9822230538922155 0.08475 0.03480538922155688
3 0.190125 0.8645209580838323 0.03925 0.0531437125748503
3 0.222 0.9025074850299402 0.0365 0.03181137724550898
3 0.240125 0.9320733532934131 0.03175 0.03405688622754491
3 0.278375 0.905875748502994 0.04475 0.04303892215568862
3 0.282125 0.9642589820359282 0.05075 0.06699101796407185
3 0.266625 0.7988398203592815 0.06675 0.05127245508982036
3 0.3295 0.843562874251497 0.0545 0.04565868263473054
3 0.364875 0.9041916167664671 0.04775 0.035179640718562874
3 0.187875 0.36002994011976047 0.03775 0.04640718562874251
3 0.244625 0.37967814371257486 0.03625 0.0407934131736527
3 0.2845 0.40924401197604793 0.0295 0.05426646706586826
3 0.391625 0.3791167664670659 0.04225 0.0531437125748503
3 0.515125 0.3841691616766467 0.03625 0.038547904191616765
3 0.33525 0.6162050898203593 0.04 0.0782185628742515
3 0.484125 0.7370883233532934 0.06975 0.10217065868263472
3 0.567125 0.655314371257485 0.04625 0.07035928143712575
3 0.645375 0.6461452095808383 0.03325 0.038547904191616765
3 0.714375 0.6081586826347305 0.03025 0.03967065868263473
3 0.672 0.02881736526946108 0.0335 0.05089820359281437
3 0.73825 0.14614520958083832 0.0415 0.049775449101796404
3 0.71775 0.26627994011976047 0.028 0.052020958083832336
