3 0.31025 0.30782185628742514 0.0765 0.06923652694610778
3 0.467375 0.2934131736526946 0.04075 0.0658682634730539
3 0.4075 0.43076347305389223 0.05 0.0748502994011976
3 0.461625 0.36826347305389223 0.05075 0.07709580838323353
3 0.507125 0.34861526946107785 0.03875 0.08270958083832336
3 0.554875 0.39726796407185627 0.05525 0.07597305389221556
3 0.601125 0.3377619760479042 0.06275 0.09318862275449102
3 0.685125 0.32915419161676646 0.04475 0.06923652694610778
3 0.8345 0.49719311377245506 0.031 0.053517964071856286
3 0.861 0.5443488023952096 0.0445 0.03630239520958084
3 0.82125 0.5815868263473054 0.059 0.07260479041916168
3 0.77275 0.6734655688622755 0.044 0.052020958083832336
3 0.754875 0.5877619760479041 0.04625 0.06923652694610778
3 0.155625 0.5997380239520959 0.04175 0.06998502994011976
3 0.18975 0.5845808383233533 0.037 0.04640718562874251
3 0.21325 0.5486526946107785 0.0415 0.07709580838323353
3 0.26325 0.5531437125748503 0.04 0.061377245508982034
3 0.299625 0.5720434131736527 0.03125 0.06699101796407185
3 0.361 0.5804640718562875 0.0355 0.050149700598802395
3 0.4095 0.5815868263473054 0.0385 0.061377245508982034
3 0.450375 0.5497754491017964 0.03275 0.0658682634730539
3 0.479875 0.5804640718562875 0.04475 0.07709580838323353
3 0.62125 0.5475299401197605 0.056 0.061377245508982034
3 0.67075 0.5078592814371258 0.034 0.050149700598802395
3 0.7 0.5016841317365269 0.029 0.04902694610778443
3 0.7185 0.5471556886227545 0.0295 0.04416167664670659
3 0.679125 0.5673652694610778 0.04475 0.05538922155688623
3 0.671625 0.6390344311377245 0.05825 0.0782185628742515
3 0.651875 0.6961077844311377 0.04325 0.05464071856287425
3 0.24325 0.6751497005988024 0.1045 0.14146706586826346
3 0.3 0.748877245508982 0.0395 0.05763473053892216
3 0.30725 0.6815119760479041 0.034 0.05913173652694611
3 0.32875 0.6366017964071856 0.0425 0.05089820359281437
3 0.36475 0.6639221556886228 0.075 0.10553892215568862
3 0.429125 0.6904940119760479 0.04475 0.05913173652694611
3 0.417 0.7438248502994012 0.0415 0.05875748502994012
3 0.456 0.7430763473053892 0.0395 0.06923652694610778
3 0.542375 0.6672904191616766 0.17425 0.20958083832335328
