3 0.566625 0.24887724550898205 0.11825 0.10553892215568862
3 0.544375 0.39333832335329344 0.09925 0.10179640718562874
3 0.639375 0.4156062874251497 0.06075 0.07372754491017965
3 0.45 0.4120508982035928 0.038 0.05763473053892216
3 0.4265 0.49887724550898205 0.0575 0.07035928143712575
3 0.501125 0.5063622754491018 0.07325 0.11452095808383234
3 0.259375 0.5776571856287425 0.04775 0.06923652694610778
3 0.25825 0.6519461077844312 0.0455 0.05239520958083832
3 0.5705 0.5681137724550899 0.0485 0.061377245508982034
3 0.617 0.7097679640718563 0.0675 0.10666167664670659
3 0.51675 0.6480164670658682 0.056 0.14184131736526945
3 0.456 0.688061377245509 0.0575 0.11788922155688623
3 0.458375 0.8072604790419161 0.08325 0.09955089820359281
3 0.531375 0.7692739520958084 0.05375 0.05800898203592814
