3 0.516625 0.11152694610778444 0.05775 0.08083832335329341
3 0.38975 0.125187125748503 0.0705 0.05800898203592814
3 0.278375 0.24925149700598803 0.03575 0.05913173652694611
3 0.18475 0.41429640718562877 0.0485 0.06437125748502993
3 0.093625 0.6388473053892215 0.05525 0.08308383233532934
3 0.348875 0.2249251497005988 0.05225 0.08982035928143713
3 0.3825 0.29528443113772457 0.0395 0.06212574850299401
3 0.427625 0.2316616766467066 0.06275 0.10553892215568862
3 0.585625 0.2533682634730539 0.03925 0.05763473053892216
3 0.515625 0.32129491017964074 0.05225 0.07597305389221556
3 0.496875 0.3944610778443114 0.07425 0.06811377245508982
3 0.51325 0.46145209580838326 0.0555 0.061377245508982034
3 0.27875 0.6807634730538922 0.0395 0.05763473053892216
3 0.3985 0.5974925149700598 0.0425 0.06998502994011976
3 0.451875 0.6036676646706587 0.06725 0.10104790419161677
3 0.581375 0.531811377245509 0.04925 0.07260479041916168
3 0.661625 0.42627245508982037 0.04925 0.07035928143712575
3 0.6985 0.37238023952095806 0.044 0.059880239520958084
3 0.74475 0.34300149700598803 0.05 0.08046407185628743
3 0.784125 0.30538922155688625 0.03625 0.05089820359281437
3 0.763625 0.1805763473053892 0.04825 0.08495508982035928
3 0.78975 0.2402694610778443 0.0415 0.04565868263473054
3 0.32875 0.4569610778443114 0.0485 0.06362275449101797
3 0.2655 0.41148952095808383 0.0325 0.0407934131736527
3 0.612125 0.46706586826347307 0.03625 0.05688622754491018
3 0.647 0.592814371257485 0.062 0.07709580838323353
3 0.748375 0.47155688622754494 0.02575 0.0658682634730539
