3 0.344 0.6382859281437125 0.144 0.1747754491017964
3 0.159125 0.4313248502994012 0.07125 0.05127245508982036
3 0.687125 0.6933008982035929 0.06225 0.10067365269461077
3 0.670875 0.7851796407185628 0.08575 0.0875748502994012
3 0.7735 0.7790044910179641 0.097 0.0999251497005988
3 0.7435 0.687125748502994 0.0705 0.07709580838323353
3 0.380375 0.20789670658682635 0.07275 0.10516467065868264
3 0.445125 0.15119760479041916 0.04625 0.048652694610778445
3 0.266375 0.2788173652694611 0.04925 0.08832335329341318
3 0.41475 0.31119011976047906 0.113 0.2122005988023952
3 0.565125 0.22791916167664672 0.07425 0.07260479041916168
3 0.513625 0.42271706586826346 0.07875 0.12462574850299402
3 0.657875 0.3633982035928144 0.09625 0.17589820359281438
3 0.764375 0.27638473053892215 0.13775 0.1904940119760479
