3 0.32275 0.25149700598802394 0.0635 0.07709580838323353
3 0.340875 0.35834580838323354 0.08325 0.10890718562874252
3 0.406125 0.31680389221556887 0.06525 0.08720059880239521
3 0.78975 0.4352544910179641 0.063 0.0815868263473054
3 0.59025 0.4592065868263473 0.053 0.07709580838323353
3 0.486375 0.5821482035928144 0.04525 0.1029191616766467
3 0.646625 0.5555763473053892 0.05525 0.04752994011976048
3 0.859875 0.5986152694610778 0.12725 0.22717065868263472
3 0.65875 0.8781811377245509 0.066 0.11489520958083832
3 0.6125 0.6100299401197605 0.0445 0.05688622754491018
3 0.84475 0.7982784431137725 0.056 0.07260479041916168
3 0.518625 0.3383233532934132 0.05225 0.05763473053892216
3 0.63325 0.2936002994011976 0.1 0.09318862275449102
