3 0.274625 0.28948353293413176 0.06575 0.0782185628742515
3 0.201125 0.3690119760479042 0.02975 0.05763473053892216
3 0.237125 0.3910928143712575 0.03925 0.05688622754491018
3 0.197 0.6115269461077845 0.0515 0.04640718562874251
3 0.164 0.5175898203592815 0.034 0.059880239520958084
3 0.33775 0.6190119760479041 0.1 0.125
3 0.475 0.6276197604790419 0.0925 0.1122754491017964
3 0.603 0.6150823353293413 0.041 0.060254491017964075
3 0.63525 0.7125748502994012 0.069 0.08982035928143713
3 0.261 0.4648203592814371 0.037 0.06362275449101797
3 0.3765 0.46369760479041916 0.047 0.05688622754491018
3 0.4425 0.7703967065868264 0.0515 0.0782185628742515
