3 0.290125 0.24588323353293412 0.03175 0.05913173652694611
3 0.318875 0.27413922155688625 0.03175 0.04752994011976048
3 0.400375 0.37350299401197606 0.03875 0.059880239520958084
3 0.307875 0.5232035928143712 0.09475 0.0875748502994012
3 0.36625 0.4562125748502994 0.0585 0.05538922155688623
3 0.54925 0.5243263473053892 0.035 0.06212574850299401
3 0.58975 0.6049775449101796 0.0555 0.0782185628742515
3 0.238625 0.4505988023952096 0.17875 0.06212574850299401
3 0.59775 0.33607784431137727 0.035 0.05763473053892216
3 0.481375 0.5849550898203593 0.08725 0.08383233532934131
3 0.227625 0.28948353293413176 0.04625 0.060254491017964075
