3 0.170875 0.22099550898203593 0.04325 0.052020958083832336
3 0.169625 0.38267215568862273 0.07425 0.08720059880239521
3 0.26625 0.5673652694610778 0.0855 0.09880239520958084
3 0.34425 0.7243637724550899 0.0825 0.11788922155688623
3 0.32425 0.8139970059880239 0.053 0.06811377245508982
3 0.38025 0.8231661676646707 0.0515 0.08645209580838323
3 0.46025 0.5237649700598802 0.0355 0.052020958083832336
3 0.5075 0.3491766467065868 0.0395 0.05913173652694611
3 0.810625 0.7879865269461078 0.03175 0.05651197604790419
3 0.988875 0.08065119760479042 0.02175 0.0437874251497006
