3 0.43325 0.18637724550898205 0.0955 0.11901197604790419
3 0.309 0.23858532934131738 0.053 0.0782185628742515
3 0.392375 0.37013473053892215 0.03775 0.08308383233532934
3 0.747375 0.47679640718562877 0.08425 0.09655688622754491
3 0.761375 0.6706586826347305 0.14225 0.20059880239520958
3 0.64625 0.25711077844311375 0.0575 0.0748502994011976
3 0.492 0.31175149700598803 0.0205 0.050149700598802395
3 0.51475 0.29809131736526945 0.019 0.049775449101796404
3 0.881375 0.5894461077844312 0.03725 0.07260479041916168
3 0.86475 0.7209955089820359 0.0555 0.04303892215568862
3 0.92075 0.5344311377245509 0.028 0.04640718562874251
3 0.55375 0.7284805389221557 0.0515 0.08046407185628743
3 0.488625 0.4863398203592814 0.06975 0.12687125748502995
3 0.226875 0.3259730538922156 0.09925 0.11901197604790419
