3 0.304625 0.1601796407185629 0.02875 0.04640718562874251
3 0.333 0.21014221556886228 0.037 0.04902694610778443
3 0.742125 0.34281437125748504 0.15225 0.12125748502994012
3 0.548875 0.6162050898203593 0.05825 0.06699101796407185
3 0.606375 0.6184505988023952 0.04475 0.05576347305389222
3 0.282125 0.3502994011976048 0.10225 0.15868263473053892
3 0.380625 0.32690868263473055 0.08875 0.14184131736526945
3 0.467375 0.2674026946107784 0.08925 0.19947604790419163
3 0.25525 0.5379865269461078 0.2635 0.1029191616766467
3 0.54775 0.49719311377245506 0.306 0.06474550898203593
3 0.662875 0.18001497005988024 0.05175 0.06811377245508982
3 0.54775 0.3804266467065868 0.0605 0.07597305389221556
3 0.6845 0.5879491017964071 0.0585 0.048652694610778445
3 0.852375 0.531624251497006 0.07425 0.10666167664670659
