3 0.258625 0.24195359281437126 0.05825 0.08495508982035928
3 0.34575 0.5207709580838323 0.075 0.1530688622754491
3 0.3355 0.6734655688622755 0.0515 0.07747005988023951
3 0.420125 0.5458458083832335 0.05975 0.07597305389221556
3 0.505375 0.5179640718562875 0.06975 0.07709580838323353
3 0.582125 0.2849925149700599 0.04775 0.04902694610778443
3 0.6655 0.06904940119760479 0.0415 0.045284431137724554
3 0.745 0.17440119760479042 0.0675 0.06362275449101797
3 0.775 0.24363772455089822 0.0835 0.09281437125748503
3 0.82575 0.1438997005988024 0.068 0.05875748502994012
3 0.70375 0.5363023952095808 0.0455 0.0658682634730539
3 0.76475 0.5827095808383234 0.0555 0.07260479041916168
3 0.633 0.7960329341317365 0.063 0.061377245508982034
3 0.760125 0.7228667664670658 0.09775 0.13285928143712575
3 0.0515 0.6933008982035929 0.05 0.0625
3 0.198125 0.9240269461077845 0.05075 0.07260479041916168
