3 0.17875 0.14895209580838323 0.056 0.08982035928143713
3 0.1485 0.29622005988023953 0.1105 0.14857784431137724
3 0.283625 0.2776946107784431 0.09625 0.13622754491017963
3 0.234125 0.4743637724550898 0.24075 0.16654191616766467
3 0.708375 0.3575973053892216 0.06975 0.09169161676646706
3 0.372 0.36096556886227543 0.1015 0.08944610778443114
3 0.503 0.2277320359281437 0.0605 0.10441616766467066
3 0.518625 0.4592065868263473 0.04625 0.05464071856287425
3 0.704125 0.5260104790419161 0.03575 0.05426646706586826
3 0.78325 0.5424775449101796 0.047 0.053517964071856286
