3 0.33475 0.343375748502994 0.047 0.05875748502994012
3 0.42575 0.31736526946107785 0.106 0.09056886227544911
3 0.42425 0.38023952095808383 0.0455 0.048652694610778445
3 0.323875 0.4193488023952096 0.04025 0.049775449101796404
3 0.535125 0.46201347305389223 0.05225 0.07597305389221556
3 0.519 0.3401946107784431 0.0605 0.0748502994011976
3 0.59625 0.29752994011976047 0.0545 0.0688622754491018
3 0.606875 0.43300898203592814 0.06975 0.07934131736526946
3 0.62425 0.36377245508982037 0.044 0.06811377245508982
3 0.802625 0.42627245508982037 0.04325 0.0748502994011976
3 0.859 0.4530314371257485 0.0455 0.06699101796407185
3 0.753 0.3871631736526946 0.0545 0.08270958083832336
3 0.681375 0.35479041916167664 0.05225 0.0815868263473054
3 0.743125 0.2994011976047904 0.07275 0.0748502994011976
3 0.84625 0.36433383233532934 0.053 0.08720059880239521
3 0.751875 0.7312874251497006 0.05375 0.06362275449101797
