0 0.4565 0.7861152694610778 0.0315 0.04603293413173653
0 0.694375 0.7271706586826348 0.02875 0.041916167664670656
0 0.82725 0.7234281437125748 0.0485 0.05538922155688623
0 0.719375 0.9650074850299402 0.03725 0.04902694610778443
0 0.478 0.967627245508982 0.0485 0.06324850299401198
0 0.294 0.6581212574850299 0.0265 0.03405688622754491
0 0.133625 0.8143712574850299 0.02575 0.040419161676646706
0 0.29125 0.9736152694610778 0.025 0.02133233532934132
0 0.291875 0.18918413173652696 0.02625 0.03330838323353293
0 0.1665 0.280688622754491 0.0245 0.029940119760479042
0 0.247875 0.22511227544910178 0.02575 0.05800898203592814
0 0.323 0.1807634730538922 0.02 0.02470059880239521
0 0.28075 0.2245508982035928 0.02 0.02245508982035928
0 0.679375 0.18656437125748504 0.01275 0.01908682634730539
0 0.696875 0.21762724550898205 0.02375 0.0280688622754491
0 0.746875 0.27002245508982037 0.01625 0.0280688622754491
