0 0.38575 0.2432634730538922 0.0215 0.03817365269461078
0 0.50325 0.31755239520958084 0.025 0.0437874251497006
0 0.26225 0.3405688622754491 0.0415 0.06811377245508982
0 0.272625 0.7528068862275449 0.03925 0.050523952095808386
0 0.247125 0.7907934131736527 0.01575 0.01721556886227545
0 0.442125 0.7887350299401198 0.03575 0.05576347305389222
0 0.472125 0.7619760479041916 0.02425 0.03218562874251497
0 0.483625 0.8241017964071856 0.03125 0.029940119760479042
0 0.53975 0.6321107784431138 0.0305 0.05239520958083832
0 0.596875 0.6319236526946108 0.03475 0.05426646706586826
0 0.319375 0.39146706586826346 0.01275 0.011976047904191617
0 0.3305 0.3768712574850299 0.015 0.014970059880239521
0 0.35325 0.37331586826347307 0.022 0.018338323353293412
0 0.393 0.39577095808383234 0.02 0.02657185628742515
0 0.42175 0.37369011976047906 0.015 0.01908682634730539
0 0.449 0.39520958083832336 0.018 0.0344311377245509
0 0.5375 0.47043413173652693 0.025 0.03967065868263473
0 0.585125 0.41074101796407186 0.02725 0.048278443113772454
0 0.59475 0.5570733532934131 0.058 0.06923652694610778
0 0.656875 0.5784056886227545 0.04375 0.04154191616766467
