0 0.376125 0.3851047904191617 0.03625 0.05464071856287425
0 0.515125 0.3727544910179641 0.03725 0.04940119760479042
0 0.495125 0.4571482035928144 0.03275 0.05800898203592814
0 0.58975 0.40755988023952094 0.0665 0.1122754491017964
0 0.6315 0.5909431137724551 0.033 0.04491017964071856
0 0.641125 0.6420284431137725 0.03225 0.053517964071856286
0 0.12225 0.8422529940119761 0.07 0.053517964071856286
0 0.128 0.9133607784431138 0.033 0.05875748502994012
0 0.22825 0.9608907185628742 0.0435 0.07747005988023951
0 0.225125 0.24756736526946108 0.01425 0.03405688622754491
