0 0.343625 0.49569610778443113 0.05425 0.09393712574850299
0 0.249 0.6206961077844312 0.0395 0.06848802395209581
0 0.362125 0.6903068862275449 0.05575 0.06624251497005988
0 0.76825 0.4491017964071856 0.048 0.07559880239520958
0 0.97325 0.5222679640718563 0.042 0.0812125748502994
0 0.3615 0.3313997005988024 0.027 0.03330838323353293
0 0.52325 0.40325598802395207 0.028 0.03330838323353293
0 0.684 0.4122380239520958 0.0205 0.03405688622754491
0 0.2315 0.27956586826347307 0.0115 0.029940119760479042
0 0.23625 0.34262724550898205 0.015 0.025823353293413173
0 0.234375 0.4882110778443114 0.01875 0.02133233532934132
