0 0.4325 0.057073353293413176 0.0235 0.038547904191616765
0 0.6615 0.5228293413173652 0.03 0.041916167664670656
0 0.695125 0.4880239520958084 0.01725 0.029940119760479042
0 0.66575 0.36826347305389223 0.0215 0.029940119760479042
0 0.737875 0.2599176646706587 0.01725 0.0437874251497006
0 0.758 0.2950973053892216 0.0185 0.05651197604790419
0 0.252625 0.5722305389221557 0.02225 0.0374251497005988
0 0.537625 0.4721182634730539 0.02375 0.0280688622754491
0 0.51725 0.7346556886227545 0.027 0.035179640718562874
0 0.59825 0.6627994011976048 0.025 0.0374251497005988
0 0.586875 0.5677395209580839 0.02925 0.041916167664670656
0 0.344 0.8491766467065869 0.0195 0.02245508982035928
0 0.391875 0.843188622754491 0.01775 0.021706586826347306
0 0.864625 0.8864146706586826 0.02925 0.04603293413173653
0 0.992125 0.8613398203592815 0.01425 0.03630239520958084
