0 0.588625 0.5202095808383234 0.05275 0.07934131736526946
0 0.338625 0.45976796407185627 0.05575 0.09318862275449102
0 0.312625 0.3401946107784431 0.03225 0.0374251497005988
0 0.40675 0.08925898203592815 0.035 0.0407934131736527
0 0.30475 0.020209580838323353 0.0365 0.035179640718562874
0 0.03575 0.10479041916167664 0.0315 0.0374251497005988
0 0.10575 0.49139221556886226 0.0285 0.04266467065868264
0 0.068 0.5342440119760479 0.0285 0.023577844311377244
0 0.05225 0.9468562874251497 0.043 0.03817365269461078
0 0.776125 0.6777694610778443 0.03075 0.0374251497005988
0 0.39225 0.5512724550898204 0.023 0.03218562874251497
0 0.428625 0.17702095808383234 0.01875 0.029940119760479042
0 0.409375 0.20172155688622753 0.01425 0.027694610778443114
