0 0.28825 0.1502619760479042 0.0335 0.05127245508982036
0 0.3255 0.1433383233532934 0.0265 0.03293413173652695
0 0.336875 0.2245508982035928 0.03625 0.05688622754491018
0 0.48225 0.3164296407185629 0.027 0.04603293413173653
0 0.20225 0.21875 0.027 0.03630239520958084
0 0.194 0.3143712574850299 0.0235 0.050149700598802395
0 0.16375 0.3495508982035928 0.03 0.050149700598802395
0 0.153625 0.3961452095808383 0.02575 0.03630239520958084
0 0.27375 0.405875748502994 0.0315 0.05127245508982036
0 0.36325 0.4096182634730539 0.0665 0.05426646706586826
0 0.4155 0.40119760479041916 0.015 0.02245508982035928
0 0.39375 0.5127245508982036 0.01 0.019461077844311378
0 0.434375 0.5213323353293413 0.02875 0.040419161676646706
0 0.505125 0.4801646706586826 0.03425 0.05464071856287425
0 0.575875 0.4496631736526946 0.03575 0.06624251497005988
0 0.508 0.42945359281437123 0.0115 0.01908682634730539
0 0.628625 0.3725673652694611 0.02275 0.03630239520958084
