0 0.743 0.08514221556886227 0.0415 0.053517964071856286
0 0.793375 0.08233532934131736 0.04075 0.03967065868263473
0 0.104375 0.10741017964071856 0.02875 0.04266467065868264
0 0.240125 0.42889221556886226 0.02425 0.0374251497005988
0 0.011875 0.7144461077844312 0.02225 0.0374251497005988
0 0.07875 0.9040044910179641 0.03 0.03630239520958084
0 0.085375 0.9356287425149701 0.02075 0.0374251497005988
0 0.268375 0.5576347305389222 0.02075 0.04266467065868264
0 0.3075 0.5688622754491018 0.0235 0.050149700598802395
0 0.29875 0.6459580838323353 0.03 0.050149700598802395
0 0.33625 0.6278068862275449 0.025 0.04603293413173653
0 0.43325 0.6992889221556886 0.028 0.048278443113772454
0 0.45475 0.7352170658682635 0.022 0.05127245508982036
0 0.56475 0.7297904191616766 0.0295 0.05538922155688623
0 0.43425 0.5147829341317365 0.04 0.05127245508982036
0 0.43475 0.5598802395209581 0.0235 0.03218562874251497
0 0.5005 0.5106661676646707 0.0265 0.053517964071856286
0 0.601125 0.5523952095808383 0.02075 0.03218562874251497
0 0.6325 0.5475299401197605 0.035 0.05464071856287425
0 0.66075 0.4309505988023952 0.03 0.04603293413173653
0 0.729375 0.5072979041916168 0.03425 0.0812125748502994
0 0.92325 0.34262724550898205 0.0265 0.0407934131736527
0 0.928625 0.39951347305389223 0.02425 0.0407934131736527
0 0.44 0.06418413173652694 0.0185 0.037050898203592815
0 0.500375 0.038547904191616765 0.01925 0.02694610778443114
