0 0.290125 0.156062874251497 0.04125 0.06511976047904192
0 0.278625 0.47043413173652693 0.05425 0.07784431137724551
0 0.362625 0.5411676646706587 0.04775 0.06511976047904192
0 0.402125 0.35404191616766467 0.02575 0.03967065868263473
0 0.45075 0.405688622754491 0.04 0.059880239520958084
0 0.530125 0.3693862275449102 0.05425 0.07260479041916168
0 0.484 0.47324101796407186 0.0435 0.05127245508982036
0 0.6515 0.375374251497006 0.0445 0.04790419161676647
0 0.64825 0.4096182634730539 0.0165 0.024326347305389222
0 0.542625 0.5553892215568862 0.04075 0.04715568862275449
0 0.677125 0.8587200598802395 0.04575 0.05651197604790419
0 0.77725 0.7752619760479041 0.033 0.05426646706586826
0 0.418 0.5716691616766467 0.0185 0.038547904191616765
0 0.4405 0.5769086826347305 0.0265 0.03630239520958084
0 0.309375 0.6656062874251497 0.17575 0.1627994011976048
0 0.449375 0.6395958083832335 0.02575 0.02245508982035928
0 0.9475 0.1594311377245509 0.0435 0.05464071856287425
