3 0.362875 0.5379865269461078 0.06975 0.09393712574850299
3 0.34925 0.625748502994012 0.047 0.061377245508982034
3 0.256125 0.36433383233532934 0.12425 0.13959580838323354
3 0.409875 0.28892215568862273 0.03925 0.05913173652694611
3 0.547 0.2748877245508982 0.044 0.07148203592814371
3 0.548875 0.3718188622754491 0.04025 0.06324850299401198
3 0.503 0.36208832335329344 0.041 0.06699101796407185
3 0.664375 0.43824850299401197 0.03325 0.05089820359281437
3 0.598375 0.7703967065868264 0.07125 0.13510479041916168
3 0.690125 0.813622754491018 0.10475 0.1122754491017964
