3 0.313625 0.3983907185628742 0.04525 0.08944610778443114
3 0.351125 0.3156811377245509 0.04475 0.09393712574850299
3 0.363625 0.4273952095808383 0.05175 0.07709580838323353
3 0.40375 0.40194610778443113 0.0515 0.11676646706586827
3 0.419375 0.32522455089820357 0.04475 0.07035928143712575
3 0.48375 0.2249251497005988 0.0825 0.12574850299401197
3 0.566625 0.24532185628742514 0.06225 0.13510479041916168
3 0.567375 0.38940868263473055 0.06075 0.07597305389221556
3 0.239375 0.6008607784431138 0.04675 0.05875748502994012
3 0.2855 0.5804640718562875 0.047 0.0748502994011976
3 0.226125 0.6740269461077845 0.05075 0.048652694610778445
3 0.26325 0.7647829341317365 0.037 0.06699101796407185
3 0.33025 0.7909805389221557 0.0515 0.07372754491017965
3 0.35375 0.7148203592814372 0.0455 0.06437125748502993
3 0.335625 0.6373502994011976 0.03475 0.07709580838323353
3 0.358625 0.5537050898203593 0.05825 0.06923652694610778
3 0.389375 0.4958832335329341 0.03925 0.04640718562874251
3 0.44275 0.5050523952095808 0.0385 0.0782185628742515
3 0.48825 0.5140344311377245 0.051 0.08270958083832336
3 0.410625 0.5986152694610778 0.03175 0.0654940119760479
3 0.45375 0.657185628742515 0.0865 0.10778443113772455
3 0.532125 0.6229416167664671 0.04175 0.07148203592814371
3 0.637875 0.5346182634730539 0.05325 0.06699101796407185
3 0.695375 0.4709955089820359 0.06525 0.08944610778443114
