3 0.1795 0.4874625748502994 0.0515 0.10666167664670659
3 0.14775 0.5720434131736527 0.056 0.09169161676646706
3 0.232875 0.6268712574850299 0.04925 0.09056886227544911
3 0.25225 0.7312874251497006 0.0605 0.1062874251497006
3 0.306 0.7063997005988024 0.044 0.08645209580838323
3 0.38775 0.75 0.05 0.1122754491017964
3 0.5185 0.7200598802395209 0.0385 0.0815868263473054
3 0.365875 0.5759730538922155 0.05775 0.07035928143712575
3 0.354125 0.3304640718562874 0.03725 0.10329341317365269
3 0.392875 0.3473053892215569 0.04475 0.09880239520958084
3 0.454125 0.4081212574850299 0.06575 0.0654940119760479
3 0.599625 0.2930389221556886 0.06575 0.05089820359281437
3 0.678 0.3100673652694611 0.05 0.09169161676646706
3 0.5485 0.4120508982035928 0.0575 0.05763473053892216
3 0.4425 0.6371631736526946 0.047 0.08196107784431138
3 0.439375 0.5413547904191617 0.05475 0.06474550898203593
3 0.572 0.6497005988023952 0.0485 0.07934131736526946
3 0.5735 0.8708832335329342 0.1335 0.1339820359281437
3 0.699625 0.4399326347305389 0.04025 0.04752994011976048
3 0.792375 0.6938622754491018 0.07125 0.10404191616766467
