3 0.504875 0.468188622754491 0.04175 0.05913173652694611
3 0.542 0.46351047904191617 0.0265 0.038547904191616765
3 0.552625 0.3559131736526946 0.03725 0.05239520958083832
3 0.568875 0.43263473053892215 0.03175 0.041916167664670656
3 0.598375 0.44498502994011974 0.02425 0.04416167664670659
3 0.598 0.3684505988023952 0.0265 0.049775449101796404
3 0.6315 0.3502994011976048 0.0265 0.04790419161676647
3 0.69125 0.33495508982035926 0.087 0.1279940119760479
3 0.456125 0.5288173652694611 0.03325 0.04640718562874251
3 0.578125 0.5260104790419161 0.02875 0.052020958083832336
3 0.567875 0.5866392215568862 0.05525 0.060254491017964075
3 0.618125 0.5357410179640718 0.03475 0.05800898203592814
3 0.693625 0.5112275449101796 0.04775 0.06362275449101797
3 0.54425 0.6723428143712575 0.037 0.05426646706586826
3 0.41025 0.5690494011976048 0.034 0.03630239520958084
3 0.657625 0.5748502994011976 0.03625 0.05688622754491018
3 0.683625 0.6287425149700598 0.05525 0.0531437125748503
