3 0.18825 0.47342814371257486 0.057 0.11002994011976049
3 0.154875 0.5565119760479041 0.04475 0.07934131736526946
3 0.232875 0.6281811377245509 0.04475 0.09543413173652694
3 0.258625 0.7266092814371258 0.04625 0.10890718562874252
3 0.306375 0.719311377245509 0.04475 0.10553892215568862
3 0.23825 0.41317365269461076 0.0525 0.08532934131736528
3 0.348125 0.3321482035928144 0.04175 0.10441616766467066
3 0.390875 0.33551646706586824 0.04375 0.10890718562874252
3 0.44125 0.40175898203592814 0.0645 0.09169161676646706
3 0.426125 0.5497754491017964 0.05375 0.09056886227544911
3 0.432125 0.6583083832335329 0.04625 0.10553892215568862
3 0.3765 0.7709580838323353 0.047 0.13847305389221556
3 0.5015 0.7365269461077845 0.053 0.09880239520958084
3 0.519 0.8776197604790419 0.056 0.09281437125748503
3 0.57275 0.8667664670658682 0.056 0.09880239520958084
3 0.675375 0.4784805389221557 0.03425 0.049775449101796404
3 0.72925 0.6910553892215568 0.125 0.19872754491017963
3 0.5395 0.42627245508982037 0.0515 0.06362275449101797
3 0.670875 0.3276571856287425 0.04175 0.12013473053892215
3 0.908375 0.5355538922155688 0.07575 0.11452095808383234
