3 0.517125 0.14165419161676646 0.04925 0.052020958083832336
3 0.3045 0.20059880239520958 0.035 0.05239520958083832
3 0.359875 0.17664670658682635 0.03625 0.061377245508982034
3 0.344375 0.2311002994011976 0.03875 0.04752994011976048
3 0.376125 0.27077095808383234 0.05525 0.052020958083832336
3 0.4315 0.2872380239520958 0.034 0.06699101796407185
3 0.467125 0.2634730538922156 0.05225 0.09206586826347306
3 0.538625 0.23390718562874252 0.02275 0.041916167664670656
3 0.6185 0.24925149700598803 0.034 0.0815868263473054
3 0.539 0.36377245508982037 0.131 0.0815868263473054
3 0.48025 0.6354790419161677 0.0395 0.07110778443113773
3 0.525375 0.6218188622754491 0.05825 0.13510479041916168
3 0.747375 0.4726796407185629 0.05225 0.12949101796407186
