3 0.247375 0.45172155688622756 0.05225 0.11002994011976049
3 0.29425 0.4251497005988024 0.037 0.0658682634730539
3 0.602625 0.11040419161676647 0.06725 0.08308383233532934
3 0.598375 0.218562874251497 0.07275 0.07709580838323353
3 0.60125 0.32148203592814373 0.075 0.10778443113772455
3 0.49925 0.47773203592814373 0.0515 0.06699101796407185
3 0.586 0.46987275449101795 0.069 0.13959580838323354
3 0.636375 0.4193488023952096 0.03475 0.049775449101796404
3 0.231375 0.6021706586826348 0.04475 0.07035928143712575
3 0.13325 0.36377245508982037 0.041 0.06811377245508982
3 0.10675 0.46987275449101795 0.047 0.13510479041916168
3 0.061625 0.3502994011976048 0.05225 0.0658682634730539
