3 0.34275 0.6592440119760479 0.0675 0.08944610778443114
3 0.43325 0.6343562874251497 0.047 0.0875748502994012
3 0.50525 0.6541916167664671 0.0395 0.10179640718562874
3 0.574625 0.6491392215568862 0.10075 0.09393712574850299
3 0.654125 0.4846556886227545 0.05975 0.0875748502994012
3 0.568125 0.7932260479041916 0.08625 0.14184131736526945
3 0.661 0.7578592814371258 0.0825 0.12125748502994012
3 0.75375 0.47997754491017963 0.047 0.06474550898203593
3 0.239375 0.4766092814371258 0.05475 0.05800898203592814
3 0.212125 0.41373502994011974 0.04675 0.05426646706586826
3 0.2015 0.5550149700598802 0.05 0.041916167664670656
3 0.28025 0.33607784431137727 0.041 0.08083832335329341
