3 0.35525 0.5600673652694611 0.062 0.08869760479041916
3 0.467875 0.6740269461077845 0.10225 0.1534431137724551
3 0.669 0.7234281437125748 0.097 0.09955089820359281
3 0.668625 0.6139595808383234 0.05675 0.09169161676646706
3 0.747 0.5770958083832335 0.05 0.05913173652694611
3 0.726125 0.4721182634730539 0.03575 0.06699101796407185
3 0.760125 0.41485778443113774 0.05075 0.06324850299401198
3 0.6625 0.29977544910179643 0.0555 0.08532934131736528
3 0.765125 0.6826347305389222 0.04225 0.06362275449101797
3 0.371625 0.38772455089820357 0.03575 0.05913173652694611
3 0.317 0.3065119760479042 0.0265 0.04416167664670659
3 0.449625 0.29809131736526945 0.03425 0.06324850299401198
3 0.468125 0.42271706586826346 0.03925 0.038547904191616765
3 0.565625 0.2372754491017964 0.04925 0.035179640718562874
