3 0.49625 0.3983907185628742 0.053 0.07597305389221556
3 0.587125 0.4103667664670659 0.05475 0.05875748502994012
3 0.59325 0.35254491017964074 0.0575 0.05688622754491018
3 0.712125 0.5089820359281437 0.07575 0.0658682634730539
3 0.240875 0.28854790419161674 0.05625 0.048652694610778445
3 0.3185 0.4273952095808383 0.0615 0.061377245508982034
3 0.34625 0.3626497005988024 0.053 0.05464071856287425
3 0.2485 0.19273952095808383 0.0925 0.07709580838323353
3 0.387875 0.13304640718562874 0.03475 0.06474550898203593
3 0.403375 0.2062125748502994 0.03275 0.0748502994011976
3 0.397375 0.5821482035928144 0.09775 0.12387724550898203
