3 0.2605 0.17271706586826346 0.05 0.06699101796407185
3 0.324625 0.2282934131736527 0.06875 0.0875748502994012
3 0.287125 0.31736526946107785 0.05475 0.05913173652694611
3 0.38375 0.41148952095808383 0.0355 0.049775449101796404
3 0.422375 0.30370508982035926 0.04175 0.052020958083832336
3 0.516375 0.3626497005988024 0.04775 0.07709580838323353
3 0.556375 0.47324101796407186 0.05375 0.07148203592814371
3 0.515125 0.6485778443113772 0.03925 0.05913173652694611
3 0.683375 0.5542664670658682 0.03025 0.06362275449101797
3 0.720375 0.5776571856287425 0.03175 0.05800898203592814
3 0.701875 0.28386976047904194 0.04025 0.0625
3 0.551875 0.28798652694610777 0.04625 0.052020958083832336
3 0.68675 0.4126122754491018 0.0415 0.05651197604790419
3 0.73825 0.47380239520958084 0.0265 0.05464071856287425
