3 0.236 0.29809131736526945 0.057 0.09543413173652694
3 0.345875 0.3083832335329341 0.04625 0.07260479041916168
3 0.4235 0.3321482035928144 0.053 0.05875748502994012
3 0.462125 0.2866766467065868 0.04375 0.06811377245508982
3 0.498875 0.312312874251497 0.04625 0.06699101796407185
3 0.586 0.30557634730538924 0.072 0.08270958083832336
3 0.56125 0.4193488023952096 0.0985 0.09767964071856287
3 0.307125 0.5106661676646707 0.04475 0.06923652694610778
3 0.33675 0.5793413173652695 0.063 0.09505988023952096
3 0.402625 0.5651197604790419 0.06575 0.13697604790419163
3 0.407125 0.7075224550898204 0.05675 0.10890718562874252
3 0.326125 0.6957335329341318 0.05225 0.10553892215568862
3 0.63675 0.8497380239520959 0.066 0.07372754491017965
3 0.60825 0.6293038922155688 0.0575 0.0999251497005988
3 0.705625 0.6190119760479041 0.10225 0.12949101796407186
3 0.701125 0.17327844311377247 0.06875 0.08832335329341318
3 0.716375 0.3905314371257485 0.15525 0.19872754491017963
3 0.795875 0.25261976047904194 0.10975 0.13622754491017963
3 0.803 0.6382859281437125 0.059 0.11339820359281437
3 0.314 0.13978293413173654 0.0825 0.08046407185628743
