3 0.376875 0.20396706586826346 0.04775 0.0748502994011976
3 0.3905 0.33944610778443113 0.0445 0.09880239520958084
3 0.459875 0.36601796407185627 0.06225 0.1497005988023952
3 0.512875 0.4217814371257485 0.04225 0.07035928143712575
3 0.49025 0.5267589820359282 0.0515 0.0782185628742515
3 0.464375 0.7799401197604791 0.05925 0.0815868263473054
3 0.527625 0.7443862275449101 0.07025 0.10553892215568862
3 0.597375 0.6854416167664671 0.05975 0.07597305389221556
3 0.4905 0.8647080838323353 0.075 0.06923652694610778
3 0.681375 0.7318488023952096 0.06275 0.09842814371257486
3 0.78175 0.5815868263473054 0.0605 0.10404191616766467
3 0.667 0.5379865269461078 0.066 0.08495508982035928
3 0.704625 0.8192365269461078 0.11975 0.09431137724550898
3 0.767875 0.6944236526946108 0.05825 0.08270958083832336
3 0.864375 0.5684880239520959 0.06225 0.10329341317365269
3 0.901125 0.47174401197604793 0.05675 0.1156437125748503
3 0.930625 0.5759730538922155 0.04025 0.0815868263473054
3 0.89125 0.7047155688622755 0.107 0.1624251497005988
3 0.57125 0.5639970059880239 0.0515 0.059880239520958084
