3 0.27875 0.7692739520958084 0.091 0.13285928143712575
3 0.3715 0.624625748502994 0.1235 0.14296407185628743
3 0.394625 0.8270958083832335 0.07275 0.0875748502994012
3 0.4705 0.7932260479041916 0.059 0.08270958083832336
3 0.5455 0.7324101796407185 0.056 0.061377245508982034
3 0.549625 0.6377245508982036 0.07175 0.09431137724550898
3 0.56175 0.2441991017964072 0.087 0.10516467065868264
3 0.686 0.24251497005988024 0.057 0.09730538922155689
3 0.7595 0.42346556886227543 0.0885 0.1530688622754491
3 0.573875 0.4728667664670659 0.23425 0.19273952095808383
3 0.742 0.6178892215568862 0.072 0.08383233532934131
3 0.795 0.5653068862275449 0.1235 0.08046407185628743
3 0.862875 0.4496631736526946 0.11225 0.15082335329341318
