3 0.65 0.25486526946107785 0.0665 0.07709580838323353
3 0.662875 0.17964071856287425 0.05775 0.059880239520958084
3 0.592 0.14258982035928144 0.09 0.08383233532934131
3 0.287125 0.7284805389221557 0.07725 0.12387724550898203
3 0.795125 0.5207709580838323 0.09175 0.14857784431137724
3 0.361 0.2833083832335329 0.0385 0.0658682634730539
3 0.374625 0.3671407185628742 0.04625 0.08607784431137724
3 0.14775 0.499438622754491 0.044 0.05576347305389222
3 0.496125 0.22380239520958084 0.07875 0.09880239520958084
3 0.468875 0.47623502994011974 0.07125 0.10890718562874252
3 0.34425 0.4569610778443114 0.037 0.06362275449101797
3 0.33825 0.5117889221556886 0.0525 0.05576347305389222
3 0.257625 0.5770958083832335 0.08325 0.15194610778443113
