3 0.1815 0.37013473053892215 0.0675 0.08982035928143713
3 0.25075 0.4470434131736527 0.0545 0.07597305389221556
3 0.293625 0.3302769461077844 0.04025 0.07148203592814371
3 0.506125 0.24195359281437126 0.06675 0.08495508982035928
3 0.326875 0.45976796407185627 0.03725 0.06474550898203593
3 0.37575 0.3849176646706587 0.041 0.06474550898203593
3 0.425 0.5514595808383234 0.035 0.05800898203592814
3 0.450375 0.6390344311377245 0.03725 0.07597305389221556
3 0.537125 0.46126497005988026 0.05775 0.10666167664670659
3 0.59925 0.46875 0.0455 0.07372754491017965
3 0.610875 0.5963697604790419 0.04925 0.06773952095808383
3 0.737125 0.561751497005988 0.07125 0.09880239520958084
3 0.973 0.6725299401197605 0.0535 0.18188622754491018
