3 0.595125 0.46201347305389223 0.06275 0.07148203592814371
3 0.570875 0.5157185628742516 0.05225 0.06811377245508982
3 0.648875 0.4586452095808383 0.04625 0.06699101796407185
3 0.191 0.43656437125748504 0.097 0.1156437125748503
3 0.722375 0.36657934131736525 0.05375 0.08046407185628743
3 0.3 0.22604790419161677 0.0635 0.0875748502994012
3 0.80825 0.37799401197604793 0.0455 0.05538922155688623
3 0.6735 0.5712949101796407 0.115 0.11339820359281437
3 0.519 0.2470059880239521 0.053 0.09730538922155689
3 0.5455 0.35872005988023953 0.0485 0.06923652694610778
