3 0.270875 0.0967440119760479 0.09475 0.16654191616766467
3 0.354125 0.24550898203592814 0.08725 0.18263473053892215
3 0.464375 0.2441991017964072 0.14375 0.12836826347305388
3 0.489 0.1438997005988024 0.057 0.09094311377245509
3 0.467 0.5179640718562875 0.0585 0.07260479041916168
3 0.642 0.6796407185628742 0.0855 0.1122754491017964
3 0.7155 0.4709955089820359 0.063 0.08495508982035928
3 0.376875 0.6671032934131736 0.05375 0.07148203592814371
3 0.45375 0.6440868263473054 0.056 0.0815868263473054
3 0.4235 0.7926646706586826 0.053 0.0748502994011976
3 0.465125 0.8454341317365269 0.04375 0.10553892215568862
3 0.6515 0.9242140718562875 0.0695 0.11788922155688623
3 0.3145 0.5028068862275449 0.05 0.07372754491017965
3 0.653375 0.25879491017964074 0.05525 0.07372754491017965
