3 0.292875 0.37069610778443113 0.04625 0.0654940119760479
3 0.2325 0.5084206586826348 0.0425 0.06923652694610778
3 0.2905 0.5368637724550899 0.037 0.06474550898203593
3 0.3045 0.47043413173652693 0.038 0.050149700598802395
3 0.331 0.5681137724550899 0.0395 0.07035928143712575
3 0.334 0.5114146706586826 0.044 0.045284431137724554
3 0.3685 0.5044910179640718 0.0325 0.04790419161676647
3 0.392125 0.5589446107784432 0.04475 0.06324850299401198
3 0.39175 0.3065119760479042 0.0455 0.041916167664670656
3 0.472375 0.28948353293413176 0.03275 0.06699101796407185
3 0.4405 0.3787425149700599 0.0385 0.0658682634730539
3 0.5155 0.4556511976047904 0.1615 0.17926646706586827
3 0.6295 0.5787799401197605 0.059 0.08944610778443114
