3 0.25675 0.3383233532934132 0.0515 0.09206586826347306
3 0.5345 0.09468562874251497 0.081 0.11452095808383234
3 0.3175 0.3379491017964072 0.056 0.07709580838323353
3 0.43825 0.36732784431137727 0.0675 0.0999251497005988
3 0.486375 0.28274700598802394 0.06975 0.09618263473053892
3 0.544375 0.2992140718562874 0.04625 0.08645209580838323
3 0.647 0.4313248502994012 0.0605 0.08046407185628743
3 0.75075 0.4556511976047904 0.05 0.05875748502994012
3 0.817375 0.5357410179640718 0.06375 0.08046407185628743
3 0.723875 0.29809131736526945 0.09175 0.16354790419161677
3 0.8625 0.27264221556886226 0.046 0.07372754491017965
