3 0.439 0.09730538922155689 0.0555 0.08832335329341318
3 0.273125 0.21351047904191617 0.04925 0.0782185628742515
3 0.207875 0.3849176646706587 0.04175 0.09393712574850299
3 0.42275 0.22380239520958084 0.0455 0.07859281437125748
3 0.497375 0.32915419161676646 0.10525 0.06699101796407185
3 0.644375 0.26403443113772457 0.05225 0.0654940119760479
3 0.800375 0.3787425149700599 0.04325 0.07934131736526946
3 0.764 0.5726047904191617 0.0385 0.08607784431137724
3 0.33825 0.2776946107784431 0.0675 0.07934131736526946
3 0.315125 0.39558383233532934 0.11225 0.09730538922155689
3 0.36975 0.4943862275449102 0.047 0.08607784431137724
