3 0.71925 0.7063997005988024 0.063 0.0654940119760479
3 0.777 0.5363023952095808 0.1735 0.08383233532934131
3 0.7015 0.8368263473053892 0.062 0.05913173652694611
3 0.647625 0.6790793413173652 0.03025 0.038547904191616765
3 0.759 0.6678517964071856 0.044 0.04752994011976048
3 0.847625 0.6218188622754491 0.07125 0.07148203592814371
3 0.852625 0.6955464071856288 0.03275 0.05127245508982036
3 0.214375 0.5843937125748503 0.10475 0.09393712574850299
3 0.3125 0.5782185628742516 0.0295 0.050149700598802395
3 0.441625 0.6422155688622755 0.04075 0.041916167664670656
3 0.48225 0.6075973053892215 0.0355 0.04303892215568862
3 0.7595 0.4494760479041916 0.0325 0.05089820359281437
