3 0.107625 0.46875 0.03625 0.06474550898203593
3 0.137125 0.5276946107784432 0.03325 0.04640718562874251
3 0.172 0.5458458083832335 0.0425 0.05576347305389222
3 0.218625 0.5050523952095808 0.04325 0.060254491017964075
3 0.204875 0.3882859281437126 0.03725 0.060254491017964075
3 0.26475 0.4375 0.046 0.0658682634730539
3 0.279875 0.5566991017964071 0.04025 0.06324850299401198
3 0.276125 0.6644835329341318 0.04325 0.1156437125748503
3 0.363625 0.39782934131736525 0.04225 0.0658682634730539
3 0.361 0.499438622754491 0.116 0.13061377245508982
3 0.358625 0.6055389221556886 0.04625 0.0748502994011976
3 0.3935 0.6627994011976048 0.0385 0.0531437125748503
3 0.42575 0.5913173652694611 0.044 0.10329341317365269
3 0.457125 0.7103293413173652 0.04325 0.059880239520958084
3 0.5 0.7131362275449101 0.038 0.05651197604790419
3 0.51175 0.6276197604790419 0.057 0.09431137724550898
3 0.5015 0.53125 0.053 0.07597305389221556
3 0.46475 0.44030688622754494 0.043 0.06699101796407185
3 0.528 0.45808383233532934 0.047 0.07709580838323353
3 0.598125 0.4921407185628742 0.04625 0.0658682634730539
3 0.5905 0.2653443113772455 0.0385 0.0815868263473054
3 0.636625 0.3888473053892216 0.04775 0.061377245508982034
3 0.678 0.45172155688622756 0.0485 0.13248502994011976
3 0.72 0.46070359281437123 0.0295 0.04640718562874251
3 0.771625 0.593375748502994 0.04175 0.07372754491017965
3 0.816625 0.593001497005988 0.01825 0.038547904191616765
