3 0.908 0.5288173652694611 0.0855 0.09431137724550898
3 0.431375 0.1715943113772455 0.04325 0.06474550898203593
3 0.370125 0.2531811377245509 0.04775 0.08495508982035928
3 0.412875 0.2793787425149701 0.04225 0.08046407185628743
3 0.290875 0.2696482035928144 0.04375 0.06773952095808383
3 0.236 0.2788173652694611 0.0585 0.06362275449101797
3 0.179125 0.3847305389221557 0.05825 0.11676646706586827
3 0.1485 0.46594311377245506 0.0425 0.0748502994011976
3 0.06325 0.7569236526946108 0.0415 0.08046407185628743
3 0.4935 0.5684880239520959 0.063 0.08982035928143713
3 0.55225 0.6450224550898204 0.032 0.0654940119760479
3 0.54325 0.9427395209580839 0.0485 0.0688622754491018
3 0.637125 0.9756736526946108 0.04375 0.04416167664670659
3 0.60675 0.7369011976047904 0.0455 0.0658682634730539
3 0.654125 0.5243263473053892 0.03725 0.0531437125748503
3 0.57875 0.499438622754491 0.0835 0.08944610778443114
3 0.511625 0.7324101796407185 0.05375 0.08607784431137724
