3 0.332625 0.2539296407185629 0.03325 0.04303892215568862
3 0.358375 0.29752994011976047 0.02725 0.03967065868263473
3 0.383 0.2752619760479042 0.028 0.038547904191616765
3 0.42075 0.2793787425149701 0.0325 0.04453592814371257
3 0.415125 0.3315868263473054 0.03025 0.04640718562874251
3 0.467 0.35815868263473055 0.031 0.06362275449101797
3 0.526125 0.3633982035928144 0.03275 0.05089820359281437
3 0.471625 0.4199101796407186 0.04925 0.0531437125748503
3 0.44775 0.48970808383233533 0.032 0.049775449101796404
3 0.411375 0.593001497005988 0.04375 0.04303892215568862
3 0.4425 0.6474550898203593 0.044 0.061377245508982034
3 0.491375 0.7011601796407185 0.05075 0.06474550898203593
3 0.587125 0.5606287425149701 0.03775 0.04416167664670659
3 0.587875 0.6036676646706587 0.02275 0.0374251497005988
3 0.519625 0.5276946107784432 0.02875 0.02844311377245509
3 0.49925 0.6019835329341318 0.144 0.1657934131736527
