3 0.31325 0.37238023952095806 0.0885 0.12125748502994012
3 0.165875 0.4436751497005988 0.07875 0.08270958083832336
3 0.257125 0.5363023952095808 0.06125 0.05913173652694611
3 0.491 0.40138473053892215 0.0515 0.11115269461077844
3 0.684875 0.4550898203592814 0.02725 0.0531437125748503
3 0.71925 0.4313248502994012 0.0325 0.04229041916167665
3 0.463625 0.6944236526946108 0.09825 0.10516467065868264
3 0.559125 0.5709206586826348 0.06075 0.07372754491017965
3 0.5435 0.6513847305389222 0.063 0.07597305389221556
3 0.643125 0.7217440119760479 0.06075 0.06474550898203593
3 0.727625 0.6109655688622755 0.06575 0.10441616766467066
3 0.769 0.6773952095808383 0.0605 0.08982035928143713
3 0.830625 0.49307634730538924 0.06425 0.13360778443113772
3 0.766375 0.4943862275449102 0.04475 0.08383233532934131
3 0.980625 0.5050523952095808 0.03575 0.06699101796407185
