3 0.315125 0.2282934131736527 0.04675 0.06212574850299401
3 0.143625 0.38192365269461076 0.04475 0.08420658682634731
3 0.158 0.4556511976047904 0.0295 0.038547904191616765
3 0.24925 0.6751497005988024 0.038 0.04640718562874251
3 0.248125 0.5269461077844312 0.04775 0.07709580838323353
3 0.370125 0.38772455089820357 0.04475 0.06362275449101797
3 0.43175 0.4124251497005988 0.047 0.0815868263473054
3 0.46625 0.3383233532934132 0.0645 0.08532934131736528
3 0.561375 0.3263473053892216 0.06525 0.07035928143712575
3 0.562875 0.39726796407185627 0.06525 0.06474550898203593
3 0.623875 0.35460329341317365 0.05075 0.10217065868263472
3 0.67575 0.32129491017964074 0.05 0.07372754491017965
3 0.44325 0.7642215568862275 0.056 0.07709580838323353
3 0.5105 0.7539296407185628 0.053 0.05426646706586826
3 0.51475 0.5849550898203593 0.043 0.06811377245508982
3 0.591625 0.5106661676646707 0.06375 0.07372754491017965
3 0.626125 0.5916916167664671 0.04325 0.07035928143712575
3 0.6545 0.7894835329341318 0.047 0.07597305389221556
3 0.67425 0.7148203592814372 0.0575 0.09655688622754491
3 0.6905 0.5503368263473054 0.0445 0.060254491017964075
3 0.737875 0.5293787425149701 0.03775 0.07223053892215568
3 0.701125 0.6483907185628742 0.03575 0.05875748502994012
3 0.766375 0.5916916167664671 0.04775 0.07934131736526946
3 0.732875 0.656437125748503 0.04325 0.12050898203592815
3 0.80225 0.6274326347305389 0.0335 0.05800898203592814
3 0.828375 0.49139221556886226 0.04025 0.0688622754491018
3 0.853 0.4436751497005988 0.0425 0.0782185628742515
