3 0.345125 0.20396706586826346 0.05825 0.10853293413173652
3 0.32875 0.46987275449101795 0.0455 0.09842814371257486
3 0.108 0.5153443113772455 0.128 0.1279940119760479
3 0.488625 0.7024700598802395 0.06525 0.10329341317365269
3 0.35825 0.6377245508982036 0.056 0.08532934131736528
3 0.52725 0.48353293413173654 0.044 0.08532934131736528
3 0.612875 0.18862275449101795 0.04375 0.05538922155688623
3 0.625375 0.35198353293413176 0.08275 0.13510479041916168
3 0.673125 0.26122754491017963 0.05525 0.07335329341317365
3 0.597375 0.5129116766467066 0.04925 0.05576347305389222
3 0.562125 0.6412799401197605 0.08475 0.1463323353293413
3 0.7215 0.7125748502994012 0.0675 0.13248502994011976
3 0.795125 0.6502619760479041 0.04625 0.08944610778443114
3 0.7685 0.5061751497005988 0.2885 0.18001497005988024
3 0.829125 0.3246631736526946 0.20225 0.2346556886227545
