3 0.8215 0.8351422155688623 0.0705 0.0782185628742515
3 0.5155 0.5718562874251497 0.09 0.10329341317365269
3 0.6405 0.5746631736526946 0.081 0.09543413173652694
3 0.542375 0.11152694610778444 0.06525 0.08982035928143713
3 0.7545 0.374625748502994 0.068 0.10553892215568862
3 0.342375 0.65625 0.09225 0.11339820359281437
3 0.660125 0.1493263473053892 0.05075 0.0815868263473054
3 0.622375 0.42327844311377244 0.06575 0.12125748502994012
3 0.645 0.3061377245508982 0.0705 0.07260479041916168
3 0.7265 0.27825598802395207 0.0395 0.06474550898203593
3 0.112125 0.5838323353293413 0.03625 0.05688622754491018
3 0.370125 0.33327095808383234 0.35225 0.2630988023952096
