3 0.60525 0.35647455089820357 0.0895 0.11938622754491018
3 0.68825 0.3162425149700599 0.084 0.061377245508982034
3 0.294375 0.3536676646706587 0.05825 0.10404191616766467
3 0.38975 0.6682260479041916 0.06 0.0782185628742515
3 0.356 0.7546781437125748 0.059 0.08495508982035928
3 0.49275 0.6734655688622755 0.0825 0.08869760479041916
3 0.51625 0.7602919161676647 0.0705 0.0782185628742515
3 0.57075 0.8220434131736527 0.081 0.07747005988023951
3 0.57425 0.47342814371257486 0.094 0.10778443113772455
3 0.848125 0.4590194610778443 0.04025 0.04752994011976048
3 0.71975 0.7647829341317365 0.056 0.053517964071856286
3 0.569 0.5986152694610778 0.0455 0.08869760479041916
3 0.395125 0.28274700598802394 0.05675 0.08944610778443114
