3 0.359125 0.5162799401197605 0.03775 0.06923652694610778
3 0.392125 0.5916916167664671 0.04625 0.07035928143712575
3 0.437875 0.5900074850299402 0.03775 0.06699101796407185
3 0.505 0.49925149700598803 0.0675 0.12125748502994012
3 0.573125 0.562874251497006 0.04475 0.08308383233532934
3 0.62425 0.6938622754491018 0.038 0.05688622754491018
3 0.66025 0.6440868263473054 0.0325 0.0658682634730539
3 0.4765 0.6122754491017964 0.038 0.0658682634730539
3 0.526125 0.30950598802395207 0.04325 0.0658682634730539
3 0.758 0.38997005988023953 0.0675 0.08383233532934131
3 0.14625 0.2964071856287425 0.0545 0.08083832335329341
