3 0.249625 0.3772455089820359 0.04475 0.07709580838323353
3 0.56325 0.5157185628742516 0.0525 0.09281437125748503
3 0.11025 0.4101796407185629 0.063 0.06362275449101797
3 0.17725 0.45789670658682635 0.0485 0.08420658682634731
3 0.078375 0.47997754491017963 0.04325 0.06474550898203593
3 0.13525 0.5016841317365269 0.0645 0.05800898203592814
3 0.210125 0.5570733532934131 0.04475 0.08495508982035928
3 0.24775 0.46875 0.041 0.05800898203592814
3 0.134875 0.6002994011976048 0.06375 0.04416167664670659
3 0.179125 0.6586826347305389 0.06725 0.06811377245508982
3 0.271125 0.6094685628742516 0.06525 0.0782185628742515
3 0.271625 0.7612275449101796 0.05975 0.05763473053892216
3 0.353375 0.7374625748502994 0.07025 0.06699101796407185
3 0.409375 0.7209955089820359 0.04775 0.08645209580838323
3 0.354875 0.5606287425149701 0.05525 0.10104790419161677
3 0.47125 0.6386601796407185 0.0575 0.07148203592814371
3 0.598 0.8531062874251497 0.0705 0.06923652694610778
3 0.659375 0.5396706586826348 0.04925 0.08383233532934131
