3 0.19125 0.14277694610778444 0.057 0.11115269461077844
3 0.29275 0.20452844311377247 0.0885 0.1216317365269461
3 0.377625 0.3156811377245509 0.08275 0.09393712574850299
3 0.44775 0.2986526946107784 0.0575 0.05538922155688623
3 0.370875 0.2090194610778443 0.05975 0.060254491017964075
3 0.4655 0.2277320359281437 0.1235 0.08420658682634731
3 0.439375 0.14202844311377247 0.06525 0.08046407185628743
3 0.5265 0.16148952095808383 0.0395 0.05800898203592814
3 0.5575 0.21744011976047903 0.041 0.08607784431137724
3 0.541625 0.3400074850299401 0.03325 0.038547904191616765
3 0.668875 0.23222305389221556 0.16225 0.13136227544910178
3 0.826125 0.5827095808383234 0.10525 0.12050898203592815
3 0.14175 0.47679640718562877 0.053 0.10104790419161677
3 0.217125 0.5679266467065869 0.09475 0.12687125748502995
3 0.294 0.5458458083832335 0.056 0.06699101796407185
3 0.370375 0.594124251497006 0.07125 0.10666167664670659
3 0.529125 0.6826347305389222 0.10525 0.13622754491017963
3 0.68975 0.6105913173652695 0.0765 0.09842814371257486
3 0.1935 0.36227544910179643 0.131 0.10553892215568862
3 0.375375 0.4251497005988024 0.19325 0.15194610778443113
3 0.56025 0.5232035928143712 0.1765 0.17365269461077845
