3 0.131375 0.5628333333333333 0.04525 0.057
3 0.287 0.5628333333333333 0.0435 0.059
3 0.37375 0.5133333333333333 0.054 0.035333333333333335
3 0.4225 0.49183333333333334 0.037 0.04833333333333333
3 0.54875 0.45366666666666666 0.041 0.04933333333333333
3 0.498375 0.3406666666666667 0.03375 0.04533333333333334
3 0.62975 0.4295 0.05 0.057
3 0.745125 0.36933333333333335 0.04375 0.06133333333333333
3 0.76775 0.31533333333333335 0.0405 0.05266666666666667
3 0.86925 0.5971666666666666 0.05 0.06366666666666666
3 0.16575 0.5971666666666666 0.041 0.03766666666666667
3 0.162125 0.6788333333333333 0.03375 0.03766666666666667
3 0.66975 0.5885 0.046 0.04833333333333333
3 0.713375 0.5293333333333333 0.05725 0.044
3 0.856375 0.5246666666666666 0.04525 0.04733333333333333
3 0.880625 0.4725 0.03725 0.04633333333333333
