3 0.42575 0.22885479041916168 0.0395 0.11339820359281437
3 0.497375 0.2062125748502994 0.04625 0.06811377245508982
3 0.522375 0.30145958083832336 0.04475 0.06100299401197605
3 0.56175 0.36433383233532934 0.0355 0.06474550898203593
3 0.603 0.405688622754491 0.0425 0.07035928143712575
3 0.645 0.4528443113772455 0.0355 0.05763473053892216
3 0.458625 0.45396706586826346 0.04325 0.05089820359281437
3 0.48225 0.5157185628742516 0.0735 0.07934131736526946
3 0.703 0.7312874251497006 0.038 0.061377245508982034
3 0.711375 0.8184880239520959 0.03775 0.0748502994011976
3 0.62125 0.8469311377245509 0.041 0.06362275449101797
3 0.245375 0.5389221556886228 0.03025 0.05089820359281437
3 0.27375 0.5527694610778443 0.028 0.03967065868263473
3 0.257125 0.5830838323353293 0.04025 0.03967065868263473
3 0.354125 0.5890718562874252 0.04625 0.04416167664670659
3 0.1995 0.4749251497005988 0.0265 0.061377245508982034
3 0.211375 0.34505988023952094 0.03175 0.0531437125748503
3 0.178375 0.42851796407185627 0.01875 0.07260479041916168
3 0.252625 0.40175898203592814 0.05225 0.0625
3 0.23975 0.46744011976047906 0.028 0.04640718562874251
3 0.35425 0.44610778443113774 0.0295 0.05089820359281437
3 0.381125 0.42103293413173654 0.03025 0.05538922155688623
3 0.38 0.4824101796407186 0.025 0.05538922155688623
3 0.512875 0.4341317365269461 0.02575 0.05239520958083832
3 0.534875 0.47324101796407186 0.02875 0.053517964071856286
3 0.567375 0.4936377245508982 0.03175 0.05538922155688623
3 0.5875 0.4573353293413174 0.0325 0.04416167664670659
3 0.75975 0.46987275449101795 0.044 0.05800898203592814
3 0.595 0.5645583832335329 0.0295 0.03630239520958084
3 0.62875 0.5741017964071856 0.0335 0.03967065868263473
3 0.805375 0.5611901197604791 0.01975 0.045284431137724554
3 0.303375 0.6354790419161677 0.02975 0.035179640718562874
3 0.237125 0.6394086826347305 0.01975 0.029565868263473054
3 0.26175 0.6444610778443114 0.031 0.021706586826347306
3 0.13025 0.7354041916167665 0.038 0.04416167664670659
3 0.103375 0.7739520958083832 0.04025 0.04416167664670659
3 0.13975 0.7958458083832335 0.028 0.03181137724550898
