3 0.13675 0.4595808383233533 0.046 0.048652694610778445
3 0.162875 0.42346556886227543 0.03625 0.05127245508982036
3 0.2 0.3866017964071856 0.047 0.05913173652694611
3 0.2155 0.5226422155688623 0.0385 0.05875748502994012
3 0.083375 0.4977544910179641 0.03925 0.05239520958083832
3 0.0465 0.5460329341317365 0.0295 0.03967065868263473
3 0.031125 0.5793413173652695 0.03025 0.05239520958083832
3 0.553 0.44610778443113774 0.035 0.04640718562874251
3 0.56925 0.39502245508982037 0.034 0.046781437125748504
3 0.5905 0.43581586826347307 0.0325 0.05576347305389222
3 0.627625 0.3888473053892216 0.03875 0.05464071856287425
3 0.6435 0.43824850299401197 0.0325 0.05089820359281437
3 0.6765 0.5232035928143712 0.0425 0.0531437125748503
3 0.573875 0.5198353293413174 0.04625 0.05089820359281437
3 0.5995 0.594124251497006 0.0735 0.05651197604790419
3 0.6145 0.656998502994012 0.0515 0.04902694610778443
3 0.579625 0.7069610778443114 0.07875 0.05538922155688623
3 0.75525 0.6779565868263473 0.0395 0.052020958083832336
3 0.736375 0.7404565868263473 0.04525 0.045284431137724554
3 0.78675 0.7320359281437125 0.046 0.035179640718562874
3 0.870125 0.7840568862275449 0.05525 0.0374251497005988
