3 0.6785 0.5334955089820359 0.0735 0.14184131736526945
3 0.695 0.22099550898203593 0.034 0.04752994011976048
3 0.839875 0.3938997005988024 0.05075 0.07372754491017965
3 0.606 0.3536676646706587 0.0955 0.13622754491017963
3 0.426125 0.30482784431137727 0.02675 0.05426646706586826
3 0.504125 0.655314371257485 0.06275 0.09730538922155689
3 0.467375 0.38772455089820357 0.03175 0.06811377245508982
3 0.551125 0.4807260479041916 0.04325 0.06324850299401198
3 0.093625 0.7471931137724551 0.04925 0.07223053892215568
3 0.131 0.8695733532934131 0.038 0.10890718562874252
3 0.16625 0.8452470059880239 0.028 0.08944610778443114
