3 0.492875 0.33607784431137727 0.04925 0.06437125748502993
3 0.53825 0.32017215568862273 0.04 0.060254491017964075
3 0.576875 0.2969685628742515 0.03875 0.06100299401197605
3 0.361375 0.2720808383233533 0.03475 0.05913173652694611
3 0.26325 0.30145958083832336 0.0355 0.052020958083832336
3 0.35 0.3473053892215569 0.041 0.05089820359281437
3 0.379875 0.4721182634730539 0.04775 0.05127245508982036
3 0.317 0.5900074850299402 0.0385 0.07148203592814371
3 0.384 0.5447230538922155 0.056 0.05127245508982036
3 0.40075 0.6038547904191617 0.044 0.06474550898203593
3 0.4905 0.562312874251497 0.0555 0.09543413173652694
3 0.49925 0.7453218562874252 0.056 0.07372754491017965
3 0.465125 0.9406811377245509 0.05925 0.08495508982035928
3 0.539375 0.9002619760479041 0.06075 0.08196107784431138
3 0.589375 0.6977919161676647 0.04375 0.08270958083832336
3 0.605625 0.5209580838323353 0.08575 0.0875748502994012
3 0.64725 0.44273952095808383 0.031 0.05538922155688623
3 0.67575 0.5151571856287425 0.041 0.06699101796407185
3 0.717375 0.5486526946107785 0.03325 0.05688622754491018
3 0.805 0.47679640718562877 0.0325 0.04640718562874251
3 0.795875 0.5520209580838323 0.04325 0.0748502994011976
3 0.8285 0.6309880239520959 0.0295 0.06437125748502993
3 0.819625 0.33907185628742514 0.03325 0.0748502994011976
