3 0.19475 0.499812874251497 0.0925 0.10890718562874252
3 0.653875 0.5419161676646707 0.06975 0.12275449101796407
3 0.337125 0.23241017964071856 0.04375 0.07934131736526946
3 0.28325 0.48334580838323354 0.053 0.07597305389221556
3 0.298875 0.5572604790419161 0.06275 0.06437125748502993
3 0.717875 0.34805389221556887 0.05375 0.06811377245508982
3 0.21175 0.3087574850299401 0.078 0.10778443113772455
3 0.429875 0.3712574850299401 0.05675 0.12574850299401197
3 0.546125 0.35479041916167664 0.06675 0.08383233532934131
3 0.55875 0.6111526946107785 0.0645 0.09730538922155689
