3 0.535625 0.25673652694610777 0.06675 0.10104790419161677
3 0.701125 0.19891467065868262 0.07825 0.08270958083832336
3 0.634 0.27077095808383234 0.0545 0.10890718562874252
3 0.688625 0.3379491017964072 0.04825 0.07260479041916168
3 0.851875 0.27376497005988026 0.04325 0.09393712574850299
3 0.392125 0.3003368263473054 0.04625 0.0654940119760479
3 0.255625 0.36788922155688625 0.05375 0.08982035928143713
3 0.29925 0.3321482035928144 0.068 0.09318862275449102
3 0.2625 0.5969311377245509 0.04 0.0531437125748503
3 0.542125 0.5447230538922155 0.05075 0.046781437125748504
3 0.778 0.5061751497005988 0.05 0.08270958083832336
3 0.506375 0.36620508982035926 0.04025 0.0407934131736527
3 0.40425 0.5170284431137725 0.0295 0.03630239520958084
