3 0.552625 0.2877994011976048 0.05525 0.1339820359281437
3 0.612875 0.36620508982035926 0.05475 0.0999251497005988
3 0.466375 0.2911676646706587 0.09625 0.1474550898203593
3 0.329875 0.32354041916167664 0.04775 0.0625
3 0.412875 0.4178517964071856 0.06225 0.06923652694610778
3 0.33175 0.42047155688622756 0.0575 0.10217065868263472
3 0.275375 0.9184131736526946 0.05225 0.08607784431137724
3 0.35375 0.8860404191616766 0.0575 0.15082335329341318
3 0.35 0.7625374251497006 0.0485 0.08944610778443114
3 0.290875 0.7273577844311377 0.04225 0.07372754491017965
3 0.237125 0.782372754491018 0.06375 0.11115269461077844
3 0.297 0.5522080838323353 0.2 0.16803892215568864
3 0.3685 0.6530688622754491 0.0855 0.12050898203592815
3 0.453375 0.7602919161676647 0.08725 0.14184131736526945
3 0.44175 0.593001497005988 0.0485 0.10441616766467066
3 0.575 0.4534056886227545 0.106 0.08869760479041916
3 0.6 0.5759730538922155 0.156 0.1407185628742515
3 0.857125 0.3944610778443114 0.05675 0.05239520958083832
3 0.731875 0.4824101796407186 0.07125 0.048652694610778445
3 0.667125 0.37967814371257486 0.04475 0.12238023952095808
