3 0.7295 0.2849925149700599 0.053 0.08046407185628743
3 0.3235 0.6371631736526946 0.0455 0.09318862275449102
3 0.378375 0.6904940119760479 0.05975 0.09730538922155689
3 0.4815 0.750561377245509 0.0705 0.1590568862275449
3 0.489375 0.6072230538922155 0.06825 0.07597305389221556
3 0.559875 0.6083458083832335 0.06975 0.09169161676646706
3 0.5545 0.6843188622754491 0.1045 0.07372754491017965
3 0.668125 0.6229416167664671 0.07275 0.08720059880239521
3 0.71675 0.687125748502994 0.044 0.05464071856287425
3 0.8655 0.29397455089820357 0.0385 0.07372754491017965
