3 0.662875 0.2771332335329341 0.07275 0.08720059880239521
3 0.54125 0.3008982035928144 0.034 0.0531437125748503
3 0.573875 0.31736526946107785 0.03425 0.04790419161676647
3 0.50525 0.4086826347305389 0.0515 0.05763473053892216
3 0.533375 0.3628368263473054 0.03325 0.04752994011976048
3 0.717375 0.37013473053892215 0.06225 0.10329341317365269
3 0.24025 0.02713323353293413 0.047 0.045284431137724554
3 0.26675 0.12406437125748503 0.044 0.060254491017964075
3 0.401125 0.18020209580838323 0.03575 0.05426646706586826
3 0.3565 0.07877994011976049 0.0855 0.08046407185628743
3 0.445125 0.04416167664670659 0.05675 0.08832335329341318
3 0.502625 0.052020958083832336 0.04025 0.07260479041916168
3 0.545 0.10235778443113773 0.0355 0.06474550898203593
3 0.615125 0.06380988023952096 0.03625 0.0625
3 0.668875 0.7578592814371258 0.03775 0.05089820359281437
