3 0.5815 0.7829341317365269 0.0795 0.08532934131736528
3 0.543875 0.2441991017964072 0.07125 0.10741017964071856
3 0.6575 0.25823353293413176 0.0545 0.07709580838323353
3 0.639 0.4563997005988024 0.063 0.06923652694610778
3 0.628 0.5261976047904192 0.047 0.07035928143712575
3 0.653375 0.7352170658682635 0.03725 0.06474550898203593
3 0.7355 0.6831961077844312 0.047 0.06474550898203593
3 0.724625 0.7619760479041916 0.06125 0.07709580838323353
3 0.706 0.5986152694610778 0.062 0.09543413173652694
3 0.71475 0.4936377245508982 0.0385 0.05538922155688623
