3 0.156375 0.19199101796407186 0.09025 0.11676646706586827
3 0.33375 0.2430763473053892 0.04 0.06699101796407185
3 0.46625 0.26122754491017963 0.06 0.10104790419161677
3 0.459 0.125187125748503 0.044 0.0782185628742515
3 0.4845 0.06324850299401198 0.04 0.06362275449101797
3 0.5435 0.06380988023952096 0.0385 0.06923652694610778
3 0.59925 0.09955089820359281 0.056 0.0748502994011976
3 0.695875 0.07054640718562874 0.04175 0.06923652694610778
3 0.327625 0.07354041916167664 0.06725 0.06998502994011976
3 0.209875 0.4023203592814371 0.03925 0.07035928143712575
3 0.60825 0.3343937125748503 0.05 0.05875748502994012
3 0.361625 0.5675523952095808 0.05225 0.0782185628742515
3 0.45075 0.5480913173652695 0.0425 0.0625
3 0.282625 0.6162050898203593 0.03625 0.05576347305389222
3 0.60075 0.7148203592814372 0.082 0.1347305389221557
3 0.1595 0.4648203592814371 0.075 0.0748502994011976
