3 0.198875 0.6620508982035929 0.09025 0.09281437125748503
3 0.275375 0.6961077844311377 0.04775 0.08383233532934131
3 0.33025 0.6860029940119761 0.0455 0.08383233532934131
3 0.412125 0.7425149700598802 0.05625 0.1497005988023952
3 0.4845 0.7460703592814372 0.034 0.0654940119760479
3 0.5655 0.7516841317365269 0.037 0.08645209580838323
3 0.606 0.7533682634730539 0.0395 0.06212574850299401
3 0.487125 0.5346182634730539 0.05475 0.060254491017964075
3 0.578375 0.5759730538922155 0.09625 0.12724550898203593
3 0.68325 0.5872005988023952 0.097 0.15868263473053892
3 0.204125 0.5198353293413174 0.03575 0.05763473053892216
3 0.230625 0.5888847305389222 0.04325 0.0625
3 0.319 0.5589446107784432 0.041 0.07971556886227545
