3 0.323125 0.5164670658682635 0.06875 0.08982035928143713
3 0.65275 0.32073353293413176 0.0735 0.12050898203592815
3 0.67575 0.436938622754491 0.1635 0.13061377245508982
3 0.542375 0.5168413173652695 0.06675 0.06362275449101797
3 0.62925 0.5815868263473054 0.178 0.08832335329341318
3 0.514875 0.6642964071856288 0.09775 0.09056886227544911
3 0.374625 0.6875 0.08275 0.11002994011976049
3 0.354875 0.3843562874251497 0.03425 0.09281437125748503
3 0.797 0.48334580838323354 0.0605 0.1530688622754491
3 0.2345 0.5703592814371258 0.0615 0.0658682634730539
