3 0.373125 0.2930389221556886 0.16275 0.13248502994011976
3 0.306 0.47043413173652693 0.0425 0.06362275449101797
3 0.49625 0.5726047904191617 0.0485 0.061377245508982034
3 0.736375 0.5668038922155688 0.14075 0.16803892215568864
3 0.54325 0.4257110778443114 0.159 0.16654191616766467
3 0.584875 0.6178892215568862 0.06375 0.05464071856287425
3 0.539 0.6745883233532934 0.043 0.09094311377245509
3 0.60425 0.7223053892215568 0.031 0.06811377245508982
3 0.375 0.5271332335329342 0.0695 0.1156437125748503
3 0.400375 0.6667290419161677 0.10075 0.10890718562874252
3 0.727625 0.7363398203592815 0.18425 0.0625
