3 0.39475 0.6382859281437125 0.0605 0.10666167664670659
3 0.3 0.4200973053892216 0.0605 0.08495508982035928
3 0.365125 0.4494760479041916 0.05775 0.1122754491017964
3 0.44325 0.4414296407185629 0.0575 0.07597305389221556
3 0.65 0.4824101796407186 0.0455 0.08532934131736528
3 0.55225 0.4335703592814371 0.0305 0.0625
3 0.481375 0.687125748502994 0.04925 0.09056886227544911
3 0.51975 0.6055389221556886 0.044 0.08607784431137724
3 0.690875 0.4472305389221557 0.03775 0.05763473053892216
3 0.324125 0.6433383233532934 0.07575 0.09880239520958084
3 0.5985 0.24925149700598803 0.05 0.0658682634730539
3 0.182625 0.5458458083832335 0.08475 0.13285928143712575
