3 0.27925 0.3804266467065868 0.0765 0.14408682634730538
3 0.38975 0.26066616766467066 0.0885 0.05875748502994012
3 0.53675 0.5570733532934131 0.093 0.1530688622754491
3 0.539875 0.751122754491018 0.19775 0.19835329341317365
3 0.334875 0.656437125748503 0.12575 0.14520958083832336
3 0.3795 0.374625748502994 0.05 0.14595808383233533
3 0.4455 0.4466691616766467 0.0545 0.19273952095808383
3 0.038625 0.7427020958083832 0.05475 0.10217065868263472
3 0.098125 0.9580838323353293 0.05375 0.05688622754491018
3 0.724625 0.8074476047904192 0.05825 0.10890718562874252
