3 0.548875 0.32017215568862273 0.05825 0.06923652694610778
3 0.68825 0.43880988023952094 0.087 0.05426646706586826
3 0.278 0.3843562874251497 0.0515 0.07260479041916168
3 0.232875 0.5782185628742516 0.05975 0.04116766467065868
3 0.292 0.5538922155688623 0.0735 0.04416167664670659
3 0.28975 0.469311377245509 0.075 0.09056886227544911
3 0.421625 0.6854416167664671 0.04025 0.05800898203592814
3 0.4765 0.7681511976047904 0.059 0.05800898203592814
3 0.52275 0.5159056886227545 0.05 0.05426646706586826
3 0.411375 0.49831586826347307 0.03925 0.05576347305389222
