3 0.387875 0.3774326347305389 0.04375 0.049775449101796404
3 0.42275 0.41429640718562877 0.05 0.06212574850299401
3 0.446625 0.3598428143712575 0.04175 0.08720059880239521
3 0.550375 0.2651571856287425 0.03875 0.0654940119760479
3 0.602625 0.249812874251497 0.04775 0.05800898203592814
3 0.525375 0.3866017964071856 0.04625 0.061377245508982034
3 0.616625 0.33327095808383234 0.06675 0.08420658682634731
3 0.375 0.5039296407185628 0.103 0.1463323353293413
3 0.748125 0.5220808383233533 0.06575 0.08083832335329341
3 0.791375 0.32017215568862273 0.04625 0.06923652694610778
3 0.722375 0.41148952095808383 0.09775 0.11788922155688623
3 0.6485 0.6734655688622755 0.047 0.07971556886227545
3 0.273125 0.6059131736526946 0.06125 0.09431137724550898
3 0.486375 0.46594311377245506 0.11225 0.061377245508982034
3 0.36125 0.6377245508982036 0.047 0.13023952095808383
3 0.507875 0.5860778443113772 0.09325 0.08383233532934131
3 0.7965 0.3938997005988024 0.0325 0.05576347305389222
3 0.5995 0.5566991017964071 0.025 0.049775449101796404
3 0.409375 0.7687125748502994 0.04475 0.06362275449101797
3 0.441625 0.656437125748503 0.02575 0.04565868263473054
3 0.423125 0.5922529940119761 0.06875 0.06474550898203593
3 0.51025 0.6860029940119761 0.037 0.050149700598802395
3 0.485625 0.7778817365269461 0.03925 0.0407934131736527
