3 0.197625 0.6326721556886228 0.13025 0.11339820359281437
3 0.176625 0.5028068862275449 0.07575 0.09618263473053892
3 0.459875 0.3179266467065868 0.04225 0.053517964071856286
3 0.443625 0.38379491017964074 0.05375 0.06699101796407185
3 0.519375 0.4098053892215569 0.08875 0.13023952095808383
3 0.388625 0.46425898203592814 0.06525 0.07372754491017965
3 0.32425 0.5961826347305389 0.047 0.0748502994011976
3 0.436 0.6218188622754491 0.1295 0.1530688622754491
3 0.603 0.5407934131736527 0.0485 0.13847305389221556
3 0.703 0.4721182634730539 0.0485 0.09842814371257486
3 0.3205 0.5151571856287425 0.097 0.07597305389221556
