2 0.25385802469135804 0.5376157407407407 0.04243827160493827 0.059027777777777776
2 0.30439814814814814 0.4869791666666667 0.03780864197530864 0.04456018518518518
2 0.3915895061728395 0.3208912037037037 0.038580246913580245 0.04456018518518518
2 0.41435185185185186 0.41898148148148145 0.03780864197530864 0.046296296296296294
2 0.3161651234567901 0.5766782407407407 0.030478395061728395 0.03877314814814815
2 0.25945216049382713 0.6915509259259259 0.045910493827160496 0.03356481481481482
2 0.5391589506172839 0.5225694444444444 0.03279320987654321 0.05787037037037037
2 0.6155478395061729 0.4537037037037037 0.02662037037037037 0.05324074074074074
2 0.6527777777777778 0.4149305555555556 0.020833333333333332 0.03009259259259259
2 0.7035108024691358 0.3880208333333333 0.03665123456790124 0.046875
2 0.6587577160493827 0.546875 0.02662037037037037 0.06481481481481481
2 0.7197145061728395 0.5561342592592593 0.030478395061728395 0.05787037037037037
2 0.7459490740740741 0.6956018518518519 0.030478395061728395 0.052083333333333336
