2 0.19232253086419754 0.6533564814814815 0.03356481481481482 0.032407407407407406
2 0.24768518518518517 0.7173032407407407 0.023919753086419752 0.03530092592592592
2 0.2991898148148148 0.625 0.03356481481481482 0.03819444444444445
2 0.3080632716049383 0.49681712962962965 0.03665123456790124 0.04456018518518518
2 0.3449074074074074 0.5448495370370371 0.035493827160493825 0.046875
2 0.3881172839506173 0.3833912037037037 0.036265432098765434 0.04456018518518518
2 0.4386574074074074 0.4742476851851852 0.027777777777777776 0.043402777777777776
2 0.41531635802469136 0.6099537037037037 0.02816358024691358 0.03935185185185185
2 0.5607638888888888 0.5882523148148148 0.03433641975308642 0.03530092592592592
2 0.5962577160493827 0.5494791666666666 0.02970679012345679 0.04456018518518518
2 0.6070601851851852 0.4782986111111111 0.025848765432098766 0.043402777777777776
2 0.6251929012345679 0.42563657407407407 0.02507716049382716 0.03761574074074074
2 0.6560570987654321 0.3940972222222222 0.025848765432098766 0.04976851851851852
2 0.6568287037037037 0.5407986111111112 0.028935185185185185 0.050347222222222224
2 0.9477237654320988 0.8113425925925926 0.03202160493827161 0.034722222222222224
2 0.4818672839506173 0.8365162037037037 0.020061728395061727 0.046875
2 0.7098765432098766 0.5998263888888888 0.019290123456790122 0.036458333333333336
