2 0.5552248677248677 0.3521825396825397 0.07341269841269842 0.04513888888888889
2 0.4826388888888889 0.38132440476190477 0.03736772486772487 0.03249007936507937
2 0.41021825396825395 0.4130704365079365 0.03009259259259259 0.029017857142857144
2 0.4366732804232804 0.5074404761904762 0.05191798941798942 0.032242063492063495
2 0.32159391534391535 0.6082589285714286 0.03736772486772487 0.02703373015873016
2 0.23544973544973544 0.7356150793650794 0.05489417989417989 0.037698412698412696
2 0.34242724867724866 0.7738095238095238 0.06183862433862434 0.043154761904761904
2 0.30522486772486773 0.8239087301587301 0.05886243386243386 0.03125
2 0.5324074074074074 0.7662450396825397 0.05886243386243386 0.036458333333333336
2 0.3921957671957672 0.8773561507936508 0.03439153439153439 0.03447420634920635
2 0.6299603174603174 0.5625 0.03306878306878307 0.043154761904761904
