2 0.05922067901234568 0.6203703703703703 0.03587962962962963 0.05092592592592592
2 0.11053240740740741 0.6605902777777778 0.02816358024691358 0.03761574074074074
2 0.21412037037037038 0.6788194444444444 0.05941358024691358 0.02546296296296296
2 0.22935956790123457 0.9644097222222222 0.027391975308641976 0.05150462962962963
2 0.2943672839506173 0.5231481481481481 0.02546296296296296 0.03009259259259259
2 0.3578317901234568 0.5743634259259259 0.022762345679012346 0.050347222222222224
2 0.49093364197530864 0.4956597222222222 0.02507716049382716 0.04918981481481482
2 0.5428240740740741 0.5570023148148148 0.023919753086419752 0.03761574074074074
2 0.6464120370370371 0.41001157407407407 0.025848765432098766 0.04224537037037037
2 0.638695987654321 0.4597800925925926 0.02970679012345679 0.036458333333333336
2 0.6786265432098766 0.47800925925925924 0.040123456790123455 0.03356481481481482
