2 0.28520447530864196 0.3414351851851852 0.04070216049382716 0.045717592592592594
2 0.28742283950617287 0.5107060185185185 0.04243827160493827 0.056712962962962965
2 0.3445216049382716 0.43721064814814814 0.03202160493827161 0.061342592592592594
2 0.45322145061728397 0.3498263888888889 0.023726851851851853 0.03993055555555555
2 0.5028935185185185 0.42390046296296297 0.037037037037037035 0.043402777777777776
2 0.5278742283950617 0.5896990740740741 0.04378858024691358 0.045717592592592594
2 0.47511574074074076 0.7181712962962963 0.04513888888888889 0.07118055555555555
2 0.44396219135802467 0.22352430555555555 0.036458333333333336 0.04542824074074074
2 0.9024884259259259 0.9875578703703703 0.034915123456790126 0.02199074074074074
2 0.40692515432098764 0.6035879629629629 0.033371913580246916 0.03356481481481482
