2 0.6502700617283951 0.12731481481481483 0.030478395061728395 0.05324074074074074
2 0.777391975308642 0.4123263888888889 0.022376543209876542 0.05150462962962963
2 0.7498070987654321 0.4991319444444444 0.03125 0.046875
2 0.7231867283950617 0.5208333333333334 0.02507716049382716 0.037037037037037035
2 0.6973379629629629 0.5286458333333334 0.03279320987654321 0.045717592592592594
2 0.6338734567901234 0.1970486111111111 0.034722222222222224 0.052662037037037035
2 0.45601851851851855 0.4644097222222222 0.035493827160493825 0.04224537037037037
2 0.45177469135802467 0.5008680555555556 0.038580246913580245 0.041087962962962965
2 0.5100308641975309 0.5413773148148148 0.04089506172839506 0.04456018518518518
2 0.6176697530864198 0.6064814814814815 0.038580246913580245 0.037037037037037035
2 0.4664351851851852 0.8530092592592593 0.032407407407407406 0.04861111111111111
2 0.7781635802469136 0.9403935185185185 0.017746913580246913 0.023148148148148147
2 0.5821759259259259 0.9571759259259259 0.0625 0.03935185185185185
2 0.38850308641975306 0.2115162037037037 0.023919753086419752 0.031828703703703706
2 0.5399305555555556 0.12297453703703703 0.1871141975308642 0.10243055555555555
2 0.3269675925925926 0.4184027777777778 0.07291666666666667 0.06597222222222222
