2 0.47627314814814814 0.26157407407407407 0.02816358024691358 0.04976851851851852
2 0.19579475308641975 0.4427083333333333 0.02662037037037037 0.056712962962962965
2 0.3325617283950617 0.41869212962962965 0.027777777777777776 0.045717592592592594
2 0.3292824074074074 0.5081018518518519 0.02662037037037037 0.03125
2 0.2951388888888889 0.6432291666666666 0.020833333333333332 0.05497685185185185
2 0.2957175925925926 0.7306134259259259 0.03125 0.0642361111111111
2 0.48128858024691357 0.34230324074074076 0.02662037037037037 0.03761574074074074
2 0.5082947530864198 0.4730902777777778 0.025848765432098766 0.03414351851851852
2 0.49093364197530864 0.6137152777777778 0.03125 0.05381944444444445
2 0.48996913580246915 0.6889467592592593 0.036265432098765434 0.050347222222222224
2 0.5925925925925926 0.5575810185185185 0.02546296296296296 0.041087962962962965
2 0.6232638888888888 0.5086805555555556 0.028935185185185185 0.03935185185185185
2 0.6089891975308642 0.6707175925925926 0.03433641975308642 0.05555555555555555
2 0.6327160493827161 0.7141203703703703 0.020833333333333332 0.028935185185185185
2 0.7413194444444444 0.7010995370370371 0.022762345679012346 0.05497685185185185
2 0.8186728395061729 0.6047453703703703 0.016975308641975308 0.024305555555555556
2 0.6857638888888888 0.49594907407407407 0.021219135802469136 0.02199074074074074
2 0.7033179012345679 0.453125 0.019290123456790122 0.03009259259259259
2 0.7139274691358025 0.3967013888888889 0.01890432098765432 0.03993055555555555
