2 0.2523148148148148 0.6822916666666666 0.03935185185185185 0.056712962962962965
2 0.30844907407407407 0.7705439814814815 0.03433641975308642 0.046875
2 0.4012345679012346 0.6377314814814815 0.038580246913580245 0.06597222222222222
2 0.5310570987654321 0.2881944444444444 0.02662037037037037 0.06828703703703703
2 0.49324845679012347 0.43287037037037035 0.03587962962962963 0.06828703703703703
2 0.5366512345679012 0.4965277777777778 0.03935185185185185 0.05439814814814815
2 0.6768904320987654 0.4279513888888889 0.024305555555555556 0.03298611111111111
2 0.7010030864197531 0.4774305555555556 0.02546296296296296 0.056712962962962965
2 0.7123842592592593 0.5564236111111112 0.03202160493827161 0.036458333333333336
2 0.5688657407407407 0.7045717592592593 0.02199074074074074 0.03877314814814815
2 0.8846450617283951 0.35792824074074076 0.04243827160493827 0.07349537037037036
