2 0.22434413580246915 0.6238425925925926 0.030478395061728395 0.04050925925925926
2 0.26022376543209874 0.6212384259259259 0.03279320987654321 0.045717592592592594
2 0.3599537037037037 0.7094907407407407 0.04089506172839506 0.06481481481481481
2 0.11477623456790123 0.7829861111111112 0.02662037037037037 0.03356481481481482
2 0.4419367283950617 0.2488425925925926 0.048996913580246916 0.05787037037037037
2 0.5435956790123457 0.3272569444444444 0.040123456790123455 0.048032407407407406
2 0.5528549382716049 0.3822337962962963 0.034722222222222224 0.046875
2 0.6813271604938271 0.28443287037037035 0.031635802469135804 0.03530092592592592
2 0.7341820987654321 0.5324074074074074 0.038580246913580245 0.05787037037037037
2 0.7158564814814815 0.6461226851851852 0.02353395061728395 0.04224537037037037
2 0.8402777777777778 0.4809027777777778 0.019290123456790122 0.03009259259259259
