2 0.3099922839506173 0.26938657407407407 0.02662037037037037 0.031828703703703706
2 0.3566743827160494 0.2604166666666667 0.03587962962962963 0.03935185185185185
2 0.4575617283950617 0.22887731481481483 0.033950617283950615 0.03761574074074074
2 0.3140432098765432 0.3828125 0.031635802469135804 0.036458333333333336
2 0.31886574074074076 0.42505787037037035 0.03125 0.041087962962962965
2 0.39525462962962965 0.3324652777777778 0.02970679012345679 0.04224537037037037
2 0.4382716049382716 0.3052662037037037 0.02546296296296296 0.04456018518518518
2 0.5368441358024691 0.6032986111111112 0.03125 0.048032407407407406
2 0.5908564814814815 0.7563657407407407 0.030478395061728395 0.03587962962962963
2 0.6043595679012346 0.1918402777777778 0.02816358024691358 0.03761574074074074
2 0.6429398148148148 0.21875 0.02816358024691358 0.03356481481481482
2 0.6589506172839507 0.2855902777777778 0.03780864197530864 0.04224537037037037
2 0.6327160493827161 0.3315972222222222 0.032407407407407406 0.052083333333333336
2 0.6778549382716049 0.3645833333333333 0.035493827160493825 0.04861111111111111
2 0.673804012345679 0.4207175925925926 0.030478395061728395 0.041666666666666664
2 0.8614969135802469 0.47366898148148145 0.034722222222222224 0.03761574074074074
2 0.8705632716049383 0.4302662037037037 0.027391975308641976 0.03761574074074074
2 0.8927469135802469 0.4363425925925926 0.021604938271604937 0.032407407407407406
