2 0.1497878086419753 0.05931712962962963 0.04610339506172839 0.08680555555555555
2 0.19685570987654322 0.28978587962962965 0.07040895061728394 0.08246527777777778
2 0.32040895061728397 0.055989583333333336 0.047453703703703706 0.09114583333333333
2 0.42023533950617287 0.019965277777777776 0.05999228395061729 0.032407407407407406
2 0.4869791666666667 0.22858796296296297 0.052662037037037035 0.07581018518518519
2 0.32706404320987653 0.4927662037037037 0.07272376543209877 0.08796296296296297
2 0.27961033950617287 0.5685763888888888 0.08159722222222222 0.10590277777777778
2 0.5096450617283951 0.6958912037037037 0.06095679012345679 0.2181712962962963
2 0.4781057098765432 0.8518518518518519 0.054205246913580245 0.10474537037037036
2 0.42660108024691357 0.8016493055555556 0.03414351851851852 0.040219907407407406
2 0.6390817901234568 0.71875 0.06905864197530864 0.14351851851851852
2 0.7347608024691358 0.5445601851851852 0.03935185185185185 0.07581018518518519
2 0.7176890432098766 0.21195023148148148 0.052662037037037035 0.06452546296296297
2 0.9095293209876543 0.12731481481481483 0.050540123456790126 0.07118055555555555
2 0.6450617283950617 0.20399305555555555 0.027391975308641976 0.03125
2 0.9495563271604939 0.8106192129629629 0.08159722222222222 0.12471064814814815
2 0.8916859567901234 0.9525462962962963 0.031057098765432098 0.09027777777777778
2 0.9440586419753086 0.9480613425925926 0.06018518518518518 0.0859375
2 0.7879050925925926 0.8939525462962963 0.025270061728395063 0.035590277777777776
2 0.7184606481481481 0.9457465277777778 0.01871141975308642 0.04774305555555555
2 0.8067129629629629 0.07566550925925926 0.028935185185185185 0.07899305555555555
