2 0.310570987654321 0.5306712962962963 0.041666666666666664 0.061342592592592594
2 0.3177083333333333 0.6195023148148148 0.030478395061728395 0.06655092592592593
2 0.28954475308641975 0.7008101851851852 0.03356481481481482 0.05787037037037037
2 0.41415895061728397 0.6331018518518519 0.05285493827160494 0.059027777777777776
2 0.42939814814814814 0.44907407407407407 0.029320987654320986 0.0625
2 0.4876543209876543 0.5604745370370371 0.034722222222222224 0.05150462962962963
2 0.5721450617283951 0.6203703703703703 0.03780864197530864 0.05092592592592592
2 0.6114969135802469 0.5081018518518519 0.04552469135802469 0.06018518518518518
2 0.5005787037037037 0.018518518518518517 0.03125 0.03587962962962963
2 0.8667052469135802 0.34403935185185186 0.022762345679012346 0.050347222222222224
2 0.9596836419753086 0.6287615740740741 0.028935185185185185 0.041087962962962965
2 0.012345679012345678 0.7323495370370371 0.023919753086419752 0.050347222222222224
