2 0.0777391975308642 0.5153356481481481 0.02662037037037037 0.041087962962962965
2 0.21257716049382716 0.33275462962962965 0.038580246913580245 0.05439814814814815
2 0.2501929012345679 0.30063657407407407 0.028935185185185185 0.043402777777777776
2 0.2606095679012346 0.3804976851851852 0.028935185185185185 0.036458333333333336
2 0.46122685185185186 0.5457175925925926 0.04282407407407408 0.05787037037037037
2 0.49459876543209874 0.3984375 0.037037037037037035 0.045717592592592594
2 0.6275077160493827 0.37528935185185186 0.02970679012345679 0.043402777777777776
2 0.5445601851851852 0.6284722222222222 0.02816358024691358 0.05787037037037037
2 0.5993441358024691 0.5596064814814815 0.03125 0.032407407407407406
2 0.7451774691358025 0.5587384259259259 0.03356481481481482 0.06770833333333333
2 0.24537037037037038 0.7228009259259259 0.038580246913580245 0.03356481481481482
