2 0.13570601851851852 0.5423900462962963 0.0623070987654321 0.09346064814814815
2 0.15943287037037038 0.6948784722222222 0.05922067901234568 0.08246527777777778
2 0.25617283950617287 0.7332175925925926 0.028935185185185185 0.043402777777777776
2 0.2736304012345679 0.8182870370370371 0.0623070987654321 0.08680555555555555
2 0.0685763888888889 0.26576967592592593 0.055748456790123455 0.09230324074074074
2 0.23099922839506173 0.4027777777777778 0.04533179012345679 0.07465277777777778
2 0.26176697530864196 0.44386574074074076 0.03125 0.07465277777777778
2 0.4357638888888889 0.8340567129629629 0.05864197530864197 0.08246527777777778
2 0.47173996913580246 0.6153067129629629 0.08159722222222222 0.09693287037037036
2 0.4654706790123457 0.41435185185185186 0.04089506172839506 0.03993055555555555
2 0.2691936728395062 0.3064236111111111 0.023726851851851853 0.08680555555555555
2 0.5333719135802469 0.21686921296296297 0.03279320987654321 0.05873842592592592
2 0.5326003086419753 0.3370949074074074 0.040123456790123455 0.056712962962962965
2 0.5749421296296297 0.30483217592592593 0.03414351851851852 0.04774305555555555
2 0.5874807098765432 0.22641782407407407 0.04456018518518518 0.06684027777777778
2 0.5078125 0.9140625 0.09124228395061729 0.1712962962962963
2 0.6007908950617284 0.5635127314814815 0.023726851851851853 0.06221064814814815
2 0.7281057098765432 0.45167824074074076 0.03915895061728395 0.052083333333333336
2 0.6153549382716049 0.3058449074074074 0.036265432098765434 0.043402777777777776
2 0.9732831790123457 0.26924189814814814 0.023726851851851853 0.05237268518518518
2 0.7332175925925926 0.5257523148148148 0.028935185185185185 0.0625
2 0.7140239197530864 0.5640914351851852 0.024498456790123458 0.0703125
