2 0.2181712962962963 0.42563657407407407 0.04822530864197531 0.07581018518518519
2 0.29012345679012347 0.40046296296296297 0.09722222222222222 0.1412037037037037
2 0.2822145061728395 0.5054976851851852 0.03202160493827161 0.041087962962962965
2 0.4538966049382716 0.4852430555555556 0.02816358024691358 0.036458333333333336
2 0.5077160493827161 0.47077546296296297 0.0763888888888889 0.11516203703703703
2 0.42843364197530864 0.5810185185185185 0.027391975308641976 0.037037037037037035
2 0.5129243827160493 0.5766782407407407 0.027391975308641976 0.041087962962962965
2 0.5634645061728395 0.5390625 0.028935185185185185 0.04224537037037037
2 0.6819058641975309 0.4557291666666667 0.025848765432098766 0.03298611111111111
2 0.6954089506172839 0.40827546296296297 0.03510802469135803 0.048032407407407406
2 0.7444058641975309 0.31278935185185186 0.030478395061728395 0.041087962962962965
2 0.7513503086419753 0.5381944444444444 0.02199074074074074 0.03125
2 0.40046296296296297 0.8799189814814815 0.09182098765432099 0.12905092592592593
2 0.8155864197530864 0.9861111111111112 0.024691358024691357 0.02546296296296296
