2 0.4456380208333333 0.46064814814814814 0.08919270833333333 0.10185185185185185
2 0.3509114583333333 0.3343460648148148 0.05859375 0.0546875
2 0.6345486111111112 0.5486111111111112 0.06684027777777778 0.08449074074074074
2 0.6261935763888888 0.2523148148148148 0.07877604166666667 0.07696759259259259
2 0.6988932291666666 0.24811921296296297 0.0666232638888889 0.07494212962962964
2 0.7354600694444444 0.3268229166666667 0.03211805555555555 0.0546875
2 0.2909071180555556 0.6867766203703703 0.04665798611111111 0.0546875
2 0.6867404513888888 0.6177662037037037 0.057074652777777776 0.05787037037037037
2 0.7447916666666666 0.5444155092592593 0.04904513888888889 0.06105324074074074
2 0.8326822916666666 0.5555555555555556 0.07074652777777778 0.04050925925925926
