2 0.48996913580246915 0.5267650462962963 0.09259259259259259 0.1333912037037037
2 0.5812114197530864 0.6303530092592593 0.036265432098765434 0.06221064814814815
2 0.03298611111111111 0.6035879629629629 0.04976851851851852 0.04918981481481482
2 0.19984567901234568 0.7298900462962963 0.05401234567901234 0.05237268518518518
2 0.18942901234567902 0.8067129629629629 0.04822530864197531 0.06539351851851852
2 0.20023148148148148 0.9001736111111112 0.033950617283950615 0.061342592592592594
2 0.3029513888888889 0.46122685185185186 0.054205246913580245 0.06018518518518518
2 0.28288966049382713 0.3933738425925926 0.061535493827160496 0.06452546296296297
2 0.3490547839506173 0.3464988425925926 0.061535493827160496 0.07783564814814815
2 0.3519483024691358 0.4227430555555556 0.061535493827160496 0.07696759259259259
2 0.8546489197530864 0.7693865740740741 0.03568672839506173 0.06886574074074074
