2 0.23939043209876543 0.1802662037037037 0.03279320987654321 0.05497685185185185
2 0.38483796296296297 0.40335648148148145 0.052083333333333336 0.06481481481481481
2 0.6404320987654321 0.2254050925925926 0.03935185185185185 0.03298611111111111
2 0.611304012345679 0.38078703703703703 0.03125 0.061342592592592594
2 0.12808641975308643 0.9114583333333334 0.040123456790123455 0.047453703703703706
2 0.11149691358024691 0.9539930555555556 0.027777777777777776 0.041087962962962965
2 0.1597222222222222 0.9809027777777778 0.033179012345679014 0.03125
2 0.3900462962962963 0.8619791666666666 0.038580246913580245 0.04918981481481482
2 0.43074845679012347 0.8336226851851852 0.02970679012345679 0.043402777777777776
2 0.4702932098765432 0.796875 0.037037037037037035 0.059027777777777776
2 0.4363425925925926 0.5026041666666666 0.034722222222222224 0.04456018518518518
2 0.800733024691358 0.6203703703703703 0.030478395061728395 0.03819444444444445
2 0.7717978395061729 0.6478587962962963 0.03819444444444445 0.043402777777777776
2 0.9182098765432098 0.8246527777777778 0.037037037037037035 0.04513888888888889
2 0.5144675925925926 0.6837384259259259 0.025848765432098766 0.04918981481481482
2 0.5376157407407407 0.8191550925925926 0.03125 0.03414351851851852
2 0.5142746913580247 0.45688657407407407 0.04089506172839506 0.04456018518518518
2 0.6616512345679012 0.5515046296296297 0.046296296296296294 0.03587962962962963
