2 0.2969835069444444 0.6187789351851852 0.03927951388888889 0.055844907407407406
2 0.4087456597222222 0.6841724537037037 0.068359375 0.059895833333333336
2 0.5606553819444444 0.6278935185185185 0.04275173611111111 0.052662037037037035
2 0.640625 0.6799768518518519 0.05295138888888889 0.06655092592592593
2 0.7314453125 0.58984375 0.04665798611111111 0.06626157407407407
2 0.6566840277777778 0.5662615740740741 0.03211805555555555 0.04918981481481482
2 0.5750868055555556 0.5583043981481481 0.03125 0.04195601851851852
2 0.6083984375 0.49291087962962965 0.056206597222222224 0.07378472222222222
2 0.6691623263888888 0.4618055555555556 0.04578993055555555 0.0630787037037037
2 0.20692274305555555 0.15104166666666666 0.057074652777777776 0.03298611111111111
