2 0.28596230158730157 0.492228835978836 0.02628968253968254 0.026785714285714284
2 0.36235119047619047 0.48296957671957674 0.043154761904761904 0.059854497354497355
2 0.4098462301587302 0.4728835978835979 0.020089285714285716 0.03968253968253968
2 0.6495535714285714 0.6104497354497355 0.03670634920634921 0.03306878306878307
2 0.5031001984126984 0.5471230158730159 0.024057539682539684 0.03207671957671958
2 0.48152281746031744 0.6008597883597884 0.02058531746031746 0.022486772486772486
2 0.4303075396825397 0.7108134920634921 0.025793650793650792 0.02017195767195767
2 0.32155257936507936 0.5924272486772487 0.019097222222222224 0.02017195767195767
2 0.43712797619047616 0.5385251322751323 0.016617063492063492 0.027447089947089946
2 0.5303819444444444 0.3993055555555556 0.024057539682539684 0.022156084656084655
2 0.49231150793650796 0.3955026455026455 0.02628968253968254 0.02976190476190476
