0 0.274375 0.25449101796407186 0.03125 0.05464071856287425
0 0.384625 0.1972305389221557 0.04075 0.0748502994011976
0 0.36875 0.3342065868263473 0.04 0.059880239520958084
0 0.5065 0.3400074850299401 0.033 0.05426646706586826
0 0.481125 0.7977170658682635 0.02925 0.031062874251497005
0 0.321125 0.7372754491017964 0.03225 0.0344311377245509
0 0.391875 0.8667664670658682 0.01775 0.027694610778443114
0 0.4175 0.8912799401197605 0.0165 0.01908682634730539
0 0.067625 0.31175149700598803 0.02225 0.027694610778443114
0 0.7125 0.49925149700598803 0.0365 0.03967065868263473
