0 0.33375 0.22511227544910178 0.03 0.03630239520958084
0 0.4015 0.20527694610778444 0.0215 0.03330838323353293
0 0.4605 0.17683383233532934 0.0465 0.053517964071856286
0 0.550125 0.17065868263473055 0.04125 0.04940119760479042
0 0.356125 0.32934131736526945 0.02075 0.04416167664670659
0 0.400375 0.3278443113772455 0.05225 0.059880239520958084
0 0.4555 0.2907934131736527 0.0365 0.05239520958083832
0 0.562875 0.45770958083832336 0.03425 0.05464071856287425
0 0.59 0.405875748502994 0.05 0.06848802395209581
0 0.62225 0.2754491017964072 0.0385 0.06212574850299401
0 0.679 0.13304640718562874 0.0405 0.05127245508982036
0 0.70225 0.1835703592814371 0.023 0.038547904191616765
0 0.730875 0.16092814371257486 0.03575 0.04715568862275449
0 0.815375 0.029940119760479042 0.02075 0.0374251497005988
