0 0.48425 0.18600299401197604 0.03 0.05688622754491018
0 0.502625 0.27975299401197606 0.02775 0.05127245508982036
0 0.526875 0.28817365269461076 0.01625 0.029940119760479042
0 0.317125 0.5741017964071856 0.03575 0.050149700598802395
0 0.435875 0.6042290419161677 0.03425 0.05875748502994012
0 0.427125 0.7153817365269461 0.01575 0.024326347305389222
0 0.016875 0.4318862275449102 0.03375 0.08233532934131736
0 0.277625 0.23353293413173654 0.01625 0.027694610778443114
0 0.29475 0.2432634730538922 0.018 0.025449101796407185
0 0.315375 0.23577844311377247 0.01225 0.025449101796407185
0 0.28325 0.3282185628742515 0.0135 0.02245508982035928
0 0.29475 0.34805389221556887 0.008 0.019461077844311378
0 0.37725 0.32672155688622756 0.0115 0.01721556886227545
0 0.40325 0.33532934131736525 0.0135 0.01721556886227545
0 0.345 0.19910179640718562 0.0115 0.02245508982035928
0 0.325875 0.20864520958083832 0.01575 0.016092814371257484
0 0.310375 0.2092065868263473 0.01075 0.014970059880239521
0 0.60075 0.5817739520958084 0.0215 0.0437874251497006
