2 0.18518518518518517 0.4826388888888889 0.020833333333333332 0.028935185185185185
2 0.2505787037037037 0.4418402777777778 0.02199074074074074 0.029513888888888888
2 0.2706404320987654 0.49681712962962965 0.02507716049382716 0.03761574074074074
2 0.27912808641975306 0.5564236111111112 0.03665123456790124 0.043402777777777776
2 0.23939043209876543 0.5787037037037037 0.02970679012345679 0.041666666666666664
2 0.27507716049382713 0.6548032407407407 0.02700617283950617 0.03993055555555555
2 0.35050154320987653 0.5778356481481481 0.030478395061728395 0.041087962962962965
2 0.3663194444444444 0.5358796296296297 0.03279320987654321 0.04398148148148148
2 0.5804398148148148 0.6021412037037037 0.030478395061728395 0.041087962962962965
2 0.5221836419753086 0.8475115740740741 0.02507716049382716 0.03298611111111111
2 0.43344907407407407 0.2586805555555556 0.025848765432098766 0.03819444444444445
2 0.5054012345679012 0.2199074074074074 0.033179012345679014 0.03125
2 0.6226851851851852 0.28269675925925924 0.021604938271604937 0.031828703703703706
2 0.6942515432098766 0.3394097222222222 0.02662037037037037 0.031828703703703706
2 0.7104552469135802 0.21875 0.02970679012345679 0.03819444444444445
