2 0.42150297619047616 0.4393187830687831 0.05580357142857143 0.07043650793650794
2 0.4382440476190476 0.5582010582010583 0.057539682539682536 0.05423280423280423
2 0.12549603174603174 0.7625661375661376 0.07341269841269842 0.07275132275132275
2 0.6328125 0.6302910052910053 0.03993055555555555 0.05092592592592592
2 0.738343253968254 0.6693121693121693 0.04811507936507937 0.052248677248677246
2 0.785218253968254 0.52744708994709 0.052083333333333336 0.052248677248677246
2 0.49268353174603174 0.34441137566137564 0.044890873015873016 0.059854497354497355
2 0.5378224206349206 0.2058531746031746 0.028025793650793652 0.05125661375661376
2 0.568328373015873 0.17642195767195767 0.048859126984126984 0.03935185185185185
2 0.6023065476190477 0.22701719576719576 0.033482142857142856 0.059854497354497355
2 0.9031498015873016 0.13425925925925927 0.02554563492063492 0.027777777777777776
