2 0.21045524691358025 0.3012152777777778 0.02662037037037037 0.04224537037037037
2 0.2619598765432099 0.2942708333333333 0.03780864197530864 0.03993055555555555
2 0.37962962962962965 0.25202546296296297 0.033950617283950615 0.04456018518518518
2 0.22106481481481483 0.4586226851851852 0.037037037037037035 0.036458333333333336
2 0.22916666666666666 0.5112847222222222 0.033950617283950615 0.04224537037037037
2 0.3107638888888889 0.3862847222222222 0.03125 0.043402777777777776
2 0.3609182098765432 0.34172453703703703 0.028935185185185185 0.03877314814814815
2 0.544945987654321 0.17563657407407407 0.028935185185185185 0.043402777777777776
2 0.5933641975308642 0.20109953703703703 0.035493827160493825 0.046875
2 0.6097608024691358 0.2899305555555556 0.03125 0.04282407407407408
2 0.5821759259259259 0.3506944444444444 0.032407407407407406 0.052083333333333336
2 0.6358024691358025 0.3816550925925926 0.037037037037037035 0.048032407407407406
2 0.6348379629629629 0.4447337962962963 0.03125 0.04224537037037037
2 0.4868827160493827 0.6817129629629629 0.033179012345679014 0.028935185185185185
2 0.8520447530864198 0.4754050925925926 0.025848765432098766 0.041087962962962965
2 0.8628472222222222 0.4195601851851852 0.02816358024691358 0.03935185185185185
2 0.8879243827160493 0.42592592592592593 0.02199074074074074 0.028935185185185185
2 0.5567129629629629 0.8269675925925926 0.024691358024691357 0.034722222222222224
