2 0.46986607142857145 0.4409722222222222 0.029513888888888888 0.045965608465608467
2 0.3803323412698413 0.5188492063492064 0.028025793650793652 0.03306878306878307
2 0.48115079365079366 0.5087632275132276 0.02976190476190476 0.03207671957671958
2 0.470734126984127 0.5653108465608465 0.021825396825396824 0.023478835978835978
2 0.4964037698412698 0.5651455026455027 0.029513888888888888 0.027777777777777776
2 0.7710813492063492 0.12037037037037036 0.028769841269841268 0.02976190476190476
2 0.7251984126984127 0.15128968253968253 0.03273809523809524 0.044642857142857144
2 0.8803323412698413 0.15128968253968253 0.035962301587301584 0.05324074074074074
2 0.7414434523809523 0.22321428571428573 0.031994047619047616 0.04365079365079365
2 0.865203373015873 0.24950396825396826 0.029513888888888888 0.04927248677248677
2 0.7410714285714286 0.2962962962962963 0.039186507936507936 0.036375661375661374
2 0.8051835317460317 0.330026455026455 0.03447420634920635 0.03968253968253968
2 0.9306795634920635 0.47238756613756616 0.035962301587301584 0.040674603174603176
2 0.6431051587301587 0.470734126984127 0.03670634920634921 0.045965608465608467
2 0.6767113095238095 0.5353835978835979 0.03050595238095238 0.03835978835978836
2 0.7359871031746031 0.5229828042328042 0.031994047619047616 0.03736772486772487
2 0.7655009920634921 0.5749007936507936 0.03050595238095238 0.03406084656084656
2 0.6135912698412699 0.55869708994709 0.027281746031746032 0.03207671957671958
2 0.7099454365079365 0.6046626984126984 0.021577380952380952 0.03009259259259259
2 0.8148561507936508 0.7182539682539683 0.028025793650793652 0.031084656084656083
2 0.8984375 0.6861772486772487 0.017609126984126984 0.02447089947089947
2 0.3959573412698413 0.011078042328042327 0.022569444444444444 0.02017195767195767
2 0.3743799603174603 0.08465608465608465 0.03050595238095238 0.031084656084656083
