2 0.2966820987654321 0.18070023148148148 0.05632716049382716 0.06452546296296297
2 0.2918595679012346 0.2952835648148148 0.03202160493827161 0.048900462962962965
2 0.35455246913580246 0.25245949074074076 0.08603395061728394 0.11255787037037036
2 0.12413194444444445 0.5708912037037037 0.022955246913580248 0.056712962962962965
2 0.1705246913580247 0.6002604166666666 0.050540123456790126 0.06221064814814815
2 0.14303626543209877 0.8423032407407407 0.04301697530864197 0.048032407407407406
2 0.24990354938271606 0.5697337962962963 0.03260030864197531 0.056712962962962965
2 0.16984953703703703 0.30324074074074076 0.03568672839506173 0.04224537037037037
2 0.10233410493827161 0.3097511574074074 0.03568672839506173 0.033275462962962965
2 0.45322145061728397 0.3415798611111111 0.08314043209876543 0.15480324074074073
2 0.3871527777777778 0.5367476851851852 0.07716049382716049 0.11574074074074074
2 0.439429012345679 0.7009548611111112 0.05709876543209876 0.09230324074074074
2 0.5633680555555556 0.6860532407407407 0.04378858024691358 0.05787037037037037
2 0.626929012345679 0.5668402777777778 0.07716049382716049 0.1400462962962963
2 0.6784336419753086 0.1378761574074074 0.0466820987654321 0.07899305555555555
2 0.6650270061728395 0.20008680555555555 0.024498456790123458 0.03674768518518518
2 0.7065972222222222 0.21744791666666666 0.03935185185185185 0.048900462962962965
2 0.7314814814814815 0.2730034722222222 0.09490740740740741 0.07783564814814815
2 0.5711805555555556 0.9379340277777778 0.05632716049382716 0.06568287037037036
2 0.6405285493827161 0.9201388888888888 0.10011574074074074 0.10358796296296297
2 0.623070987654321 0.9758391203703703 0.05478395061728395 0.04774305555555555
2 0.7296489197530864 0.8016493055555556 0.052662037037037035 0.04658564814814815
2 0.8253279320987654 0.26027199074074076 0.033371913580246916 0.05700231481481482
2 0.8104745370370371 0.08116319444444445 0.031828703703703706 0.0546875
2 0.5426311728395061 0.4934895833333333 0.03202160493827161 0.051215277777777776
2 0.630883487654321 0.21976273148148148 0.026041666666666668 0.037905092592592594
