2 0.44579475308641975 0.41001157407407407 0.037037037037037035 0.06018518518518518
2 0.49363425925925924 0.4305555555555556 0.036265432098765434 0.059027777777777776
2 0.5174575617283951 0.4561631944444444 0.04378858024691358 0.04774305555555555
2 0.5277777777777778 0.49233217592592593 0.03935185185185185 0.044270833333333336
2 0.5826581790123457 0.5380497685185185 0.054205246913580245 0.048900462962962965
2 0.4146412037037037 0.37094907407407407 0.017939814814814815 0.028935185185185185
2 0.22878086419753085 0.5496238425925926 0.027391975308641976 0.04137731481481482
2 0.4921875 0.9318576388888888 0.026041666666666668 0.048900462962962965
2 0.6664737654320988 0.1640625 0.028935185185185185 0.0625
2 0.5292245370370371 0.04282407407407408 0.033371913580246916 0.05787037037037037
2 0.5588348765432098 0.010271990740740741 0.04243827160493827 0.020543981481481483
