2 0.5868055555555556 0.38295717592592593 0.07552083333333333 0.10503472222222222
2 0.7764756944444444 0.9360532407407407 0.0802951388888889 0.08159722222222222
2 0.03700086805555555 0.7045717592592593 0.060980902777777776 0.07291666666666667
2 0.022894965277777776 0.5190972222222222 0.041015625 0.08796296296296297
2 0.068359375 0.49016203703703703 0.03689236111111111 0.03009259259259259
2 0.11979166666666667 0.4955150462962963 0.02734375 0.04079861111111111
2 0.14908854166666666 0.45384837962962965 0.03125 0.03443287037037037
2 0.015299479166666666 0.3680555555555556 0.028862847222222224 0.061921296296296294
2 0.022026909722222224 0.3331886574074074 0.029730902777777776 0.033275462962962965
2 0.1511501736111111 0.6744791666666666 0.025824652777777776 0.04282407407407408
2 0.4803602430555556 0.7757523148148148 0.041015625 0.059027777777777776
2 0.6458333333333334 0.7426215277777778 0.039496527777777776 0.06105324074074074
2 0.5932074652777778 0.9327256944444444 0.03537326388888889 0.04716435185185185
2 0.6494140625 0.02879050925925926 0.030598958333333332 0.039641203703703706
2 0.6666666666666666 0.4752604166666667 0.03298611111111111 0.04079861111111111
2 0.5469835069444444 0.6686921296296297 0.032769097222222224 0.050347222222222224
2 0.3151041666666667 0.35358796296296297 0.03211805555555555 0.059027777777777776
