2 0.24382716049382716 0.3350694444444444 0.038580246913580245 0.059027777777777776
2 0.1537422839506173 0.47193287037037035 0.027391975308641976 0.031828703703703706
2 0.20081018518518517 0.5008680555555556 0.03125 0.045717592592592594
2 0.16666666666666666 0.5665509259259259 0.033950617283950615 0.037037037037037035
2 0.18229166666666666 0.6067708333333334 0.02507716049382716 0.045717592592592594
2 0.5788966049382716 0.31452546296296297 0.03665123456790124 0.04224537037037037
2 0.6329089506172839 0.3472222222222222 0.027391975308641976 0.056712962962962965
2 0.6672453703703703 0.3605324074074074 0.027391975308641976 0.05439814814814815
2 0.7017746913580247 0.4105902777777778 0.037037037037037035 0.048032407407407406
2 0.8472222222222222 0.3394097222222222 0.022376543209876542 0.0630787037037037
2 0.8856095679012346 0.3521412037037037 0.02353395061728395 0.04456018518518518
2 0.44405864197530864 0.44675925925925924 0.038580246913580245 0.04861111111111111
2 0.35455246913580246 0.5202546296296297 0.041666666666666664 0.03819444444444445
2 0.3136574074074074 0.5752314814814815 0.05324074074074074 0.052083333333333336
2 0.35011574074074076 0.6009837962962963 0.02507716049382716 0.031828703703703706
2 0.42669753086419754 0.5425347222222222 0.036265432098765434 0.03530092592592592
2 0.45023148148148145 0.5737847222222222 0.040123456790123455 0.03993055555555555
2 0.5302854938271605 0.5720486111111112 0.02970679012345679 0.036458333333333336
2 0.5588348765432098 0.734375 0.03665123456790124 0.02546296296296296
2 0.7827932098765432 0.46469907407407407 0.016975308641975308 0.03125
2 0.8337191358024691 0.5101273148148148 0.030864197530864196 0.046875
2 0.9598765432098766 0.6021412037037037 0.041666666666666664 0.06076388888888889
2 0.7602237654320988 0.5587384259259259 0.02816358024691358 0.03414351851851852
2 0.8132716049382716 0.5436921296296297 0.021604938271604937 0.030671296296296297
2 0.84375 0.5842013888888888 0.033179012345679014 0.050347222222222224
2 0.8757716049382716 0.6035879629629629 0.020061728395061727 0.028935185185185185
