2 0.28607253086419754 0.3177083333333333 0.03125 0.0625
2 0.18904320987654322 0.40827546296296297 0.040123456790123455 0.07465277777777778
2 0.11593364197530864 0.5425347222222222 0.03896604938271605 0.07118055555555555
2 0.21392746913580246 0.5503472222222222 0.03356481481481482 0.06481481481481481
2 0.3325617283950617 0.5147569444444444 0.04398148148148148 0.0642361111111111
2 0.34934413580246915 0.5685763888888888 0.03279320987654321 0.07233796296296297
2 0.13310185185185186 0.7696759259259259 0.034722222222222224 0.03356481481481482
2 0.33545524691358025 0.7728587962962963 0.027391975308641976 0.046875
2 0.3663194444444444 0.6371527777777778 0.03279320987654321 0.03125
2 0.48572530864197533 0.2508680555555556 0.032407407407407406 0.04224537037037037
2 0.5343364197530864 0.24797453703703703 0.04243827160493827 0.043402777777777776
2 0.6097608024691358 0.41898148148148145 0.03279320987654321 0.05787037037037037
2 0.7013888888888888 0.3967013888888889 0.024691358024691357 0.03298611111111111
2 0.7199074074074074 0.4322916666666667 0.021604938271604937 0.05555555555555555
2 0.7669753086419753 0.48061342592592593 0.022376543209876542 0.045717592592592594
2 0.7914737654320988 0.5509259259259259 0.02816358024691358 0.0787037037037037
2 0.6971450617283951 0.6171875 0.033950617283950615 0.04456018518518518
2 0.7629243827160493 0.6698495370370371 0.028935185185185185 0.036458333333333336
