2 0.15335648148148148 0.38570601851851855 0.02970679012345679 0.06655092592592593
2 0.19502314814814814 0.3972800925925926 0.02970679012345679 0.045717592592592594
2 0.19560185185185186 0.5882523148148148 0.038580246913580245 0.04224537037037037
2 0.2918595679012346 0.20023148148148148 0.03202160493827161 0.059027777777777776
2 0.3570601851851852 0.19675925925925927 0.04359567901234568 0.056712962962962965
2 0.373070987654321 0.31655092592592593 0.038580246913580245 0.05092592592592592
2 0.4957561728395062 0.2170138888888889 0.033179012345679014 0.059027777777777776
2 0.589891975308642 0.2899305555555556 0.03780864197530864 0.0625
2 0.5403163580246914 0.3862847222222222 0.04205246913580247 0.06770833333333333
2 0.8877314814814815 0.8347800925925926 0.05787037037037037 0.050347222222222224
2 0.8040123456790124 0.9736689814814815 0.040123456790123455 0.045717592592592594
