2 0.6351686507936508 0.4131944444444444 0.028769841269841268 0.04398148148148148
2 0.6747271825396826 0.3950066137566138 0.028025793650793652 0.030753968253968252
2 0.7807539682539683 0.42923280423280424 0.028769841269841268 0.04365079365079365
2 0.7819940476190477 0.515707671957672 0.03125 0.045965608465608467
2 0.6631944444444444 0.48726851851851855 0.03373015873015873 0.040674603174603176
2 0.6736111111111112 0.5775462962962963 0.03521825396825397 0.035383597883597885
2 0.738343253968254 0.5962301587301587 0.03373015873015873 0.036375661375661374
2 0.8828125 0.7347883597883598 0.03447420634920635 0.02976190476190476
2 0.4310515873015873 0.7215608465608465 0.027281746031746032 0.041666666666666664
2 0.35949900793650796 0.8232473544973545 0.029513888888888888 0.03406084656084656
2 0.45349702380952384 0.7901785714285714 0.033482142857142856 0.04265873015873016
2 0.453125 0.8644179894179894 0.01984126984126984 0.03306878306878307
2 0.47271825396825395 0.8639219576719577 0.028769841269841268 0.04265873015873016
2 0.5915178571428571 0.8234126984126984 0.0248015873015873 0.04497354497354497
2 0.6075148809523809 0.7385912698412699 0.03447420634920635 0.045965608465608467
2 0.6447172619047619 0.7939814814814815 0.02703373015873016 0.04563492063492063
2 0.6999007936507936 0.7678571428571429 0.030257936507936508 0.03835978835978836
2 0.7394593253968254 0.8138227513227513 0.035962301587301584 0.04497354497354497
2 0.6903521825396826 0.8521825396825397 0.022569444444444444 0.02976190476190476
2 0.8079117063492064 0.955191798941799 0.03993055555555555 0.03736772486772487
2 0.8799603174603174 0.884755291005291 0.028769841269841268 0.049933862433862435
2 0.1966765873015873 0.7567791005291006 0.027281746031746032 0.05654761904761905
2 0.29662698412698413 0.302744708994709 0.020833333333333332 0.04265873015873016
2 0.8028273809523809 0.01917989417989418 0.03273809523809524 0.03835978835978836
2 0.1779513888888889 0.2919973544973545 0.028025793650793652 0.027777777777777776
2 0.20064484126984128 0.31200396825396826 0.022321428571428572 0.028769841269841268
2 0.18464781746031747 0.19990079365079366 0.033482142857142856 0.028769841269841268
2 0.1402529761904762 0.07457010582010581 0.021577380952380952 0.03406084656084656
