2 0.5603780864197531 0.34056712962962965 0.06751543209876543 0.08622685185185185
2 0.5462962962962963 0.15480324074074073 0.03780864197530864 0.043402777777777776
2 0.21277006172839505 0.5700231481481481 0.04128086419753087 0.08333333333333333
2 0.41415895061728397 0.6701388888888888 0.04205246913580247 0.059027777777777776
2 0.7513503086419753 0.6070601851851852 0.04436728395061729 0.0798611111111111
2 0.3167438271604938 0.5439814814814815 0.037037037037037035 0.059027777777777776
2 0.7910879629629629 0.7317708333333334 0.03819444444444445 0.06886574074074074
2 0.689429012345679 0.7352430555555556 0.03009259259259259 0.09780092592592593
2 0.5121527777777778 0.6414930555555556 0.030478395061728395 0.0642361111111111
2 0.5459104938271605 0.7416087962962963 0.043209876543209874 0.10243055555555555
2 0.6786265432098766 0.5147569444444444 0.05632716049382716 0.08506944444444445
