2 0.5374228395061729 0.019820601851851853 0.05555555555555555 0.0390625
2 0.6053240740740741 0.018229166666666668 0.043209876543209874 0.028935185185185185
2 0.4576581790123457 0.1032986111111111 0.05922067901234568 0.059027777777777776
2 0.016300154320987654 0.11950231481481481 0.03260030864197531 0.04918981481481482
2 0.20582561728395063 0.2508680555555556 0.030478395061728395 0.04456018518518518
2 0.21325231481481483 0.3326099537037037 0.024498456790123458 0.03211805555555555
2 0.19540895061728394 0.3776041666666667 0.023148148148148147 0.04456018518518518
2 0.15981867283950618 0.4444444444444444 0.024498456790123458 0.04224537037037037
2 0.18875385802469136 0.5285011574074074 0.026041666666666668 0.04137731481481482
2 0.21653163580246915 0.47453703703703703 0.023726851851851853 0.04918981481481482
2 0.23582175925925927 0.4483506944444444 0.023726851851851853 0.03443287037037037
2 0.32783564814814814 0.5597511574074074 0.03414351851851852 0.05237268518518518
2 0.3130787037037037 0.7165798611111112 0.02970679012345679 0.03443287037037037
2 0.3445216049382716 0.7644675925925926 0.027391975308641976 0.045717592592592594
2 0.3645833333333333 0.7355324074074074 0.030478395061728395 0.045717592592592594
2 0.39351851851851855 0.7282986111111112 0.030478395061728395 0.07118055555555555
2 0.3853202160493827 0.9157986111111112 0.04378858024691358 0.08564814814814815
2 0.3664158950617284 0.6592881944444444 0.023726851851851853 0.033275462962962965
2 0.3819444444444444 0.5496238425925926 0.020833333333333332 0.03674768518518518
2 0.3768325617283951 0.45109953703703703 0.031057098765432098 0.07118055555555555
2 0.3304398148148148 0.3832465277777778 0.025848765432098766 0.040219907407407406
2 0.353491512345679 0.4088541666666667 0.024498456790123458 0.04224537037037037
2 0.5292245370370371 0.5083912037037037 0.04378858024691358 0.041087962962962965
2 0.5496720679012346 0.5490451388888888 0.03568672839506173 0.053530092592592594
2 0.6242283950617284 0.4995659722222222 0.028935185185185185 0.0703125
2 0.652391975308642 0.5101273148148148 0.027391975308641976 0.05555555555555555
2 0.6153549382716049 0.41377314814814814 0.025848765432098766 0.043402777777777776
2 0.6364776234567902 0.6231192129629629 0.025270061728395063 0.03443287037037037
2 0.7214506172839507 0.4984085648148148 0.025848765432098766 0.04137731481481482
2 0.6999421296296297 0.52734375 0.022955246913580248 0.04137731481481482
2 0.6509452160493827 0.6976273148148148 0.049575617283950615 0.07002314814814815
2 0.6079282407407407 0.7271412037037037 0.031828703703703706 0.03761574074074074
2 0.6007908950617284 0.7683738425925926 0.023726851851851853 0.037905092592592594
2 0.6631944444444444 0.8172743055555556 0.02970679012345679 0.040219907407407406
2 0.6542245370370371 0.8512731481481481 0.03260030864197531 0.041087962962962965
2 0.6634837962962963 0.93359375 0.024498456790123458 0.04137731481481482
2 0.6899112654320988 0.9230324074074074 0.026813271604938273 0.04224537037037037
2 0.720679012345679 0.8929398148148148 0.027391975308641976 0.046875
2 0.7199074074074074 0.9392361111111112 0.028935185185185185 0.041087962962962965
2 0.7514467592592593 0.8207465277777778 0.026813271604938273 0.035590277777777776
2 0.7562692901234568 0.8629918981481481 0.036458333333333336 0.037905092592592594
2 0.8939043209876543 0.7932581018518519 0.020833333333333332 0.05005787037037037
2 0.869116512345679 0.8078703703703703 0.026041666666666668 0.02546296296296296
2 0.8705632716049383 0.8550347222222222 0.03935185185185185 0.05555555555555555
2 0.9294945987654321 0.9024884259259259 0.03260030864197531 0.043402777777777776
2 0.8727816358024691 0.9703414351851852 0.033371913580246916 0.0390625
2 0.9374035493827161 0.7973090277777778 0.022955246913580248 0.037905092592592594
2 0.9707754629629629 0.7649016203703703 0.024498456790123458 0.035590277777777776
2 0.9895833333333334 0.8078703703703703 0.017746913580246913 0.048032407407407406
2 0.9217785493827161 0.1662326388888889 0.027584876543209878 0.04658564814814815
2 0.7463348765432098 0.08723958333333333 0.020833333333333332 0.048900462962962965
