2 0.01984126984126984 0.03819444444444445 0.028769841269841268 0.03207671957671958
2 0.014260912698412698 0.20089285714285715 0.02703373015873016 0.04133597883597884
2 0.07229662698412699 0.16253306878306878 0.031001984126984128 0.035383597883597885
2 0.0842013888888889 0.3326719576719577 0.028025793650793652 0.03439153439153439
2 0.1463293650793651 0.3113425925925926 0.028769841269841268 0.03009259259259259
2 0.14149305555555555 0.3458994708994709 0.019097222222222224 0.02447089947089947
2 0.12152777777777778 0.34871031746031744 0.022321428571428572 0.03009259259259259
2 0.10553075396825397 0.36144179894179895 0.019097222222222224 0.025793650793650792
2 0.08506944444444445 0.3940145502645503 0.02628968253968254 0.0248015873015873
2 0.024305555555555556 0.4479166666666667 0.023313492063492064 0.021494708994708994
2 0.04352678571428571 0.5071097883597884 0.015128968253968254 0.028769841269841268
2 0.0794890873015873 0.4654431216931217 0.016617063492063492 0.026785714285714284
2 0.11793154761904762 0.447255291005291 0.015128968253968254 0.018187830687830687
2 0.12748015873015872 0.46395502645502645 0.011904761904761904 0.01917989417989418
2 0.14310515873015872 0.4234457671957672 0.020833333333333332 0.023478835978835978
2 0.17584325396825398 0.4019510582010582 0.020833333333333332 0.02546296296296296
2 0.1779513888888889 0.43783068783068785 0.021577380952380952 0.02447089947089947
2 0.4495287698412698 0.36904761904761907 0.034970238095238096 0.03835978835978836
2 0.4619295634920635 0.4212962962962963 0.023065476190476192 0.036375661375661374
2 0.48387896825396826 0.4441137566137566 0.022321428571428572 0.03505291005291005
2 0.5407986111111112 0.43452380952380953 0.02554563492063492 0.03968253968253968
2 0.5479910714285714 0.376984126984127 0.017609126984126984 0.03505291005291005
2 0.6378968253968254 0.4718915343915344 0.023313492063492064 0.022486772486772486
2 0.6571180555555556 0.4442791005291005 0.021577380952380952 0.028769841269841268
2 0.5367063492063492 0.5305886243386243 0.020833333333333332 0.028769841269841268
2 0.6103670634920635 0.5672949735449735 0.027281746031746032 0.03207671957671958
2 0.7839781746031746 0.5882936507936508 0.04017857142857143 0.03306878306878307
