2 0.24845679012345678 0.17216435185185186 0.033950617283950615 0.03993055555555555
2 0.2353395061728395 0.27835648148148145 0.04398148148148148 0.05439814814814815
2 0.2943672839506173 0.25810185185185186 0.040123456790123455 0.06597222222222222
2 0.1574074074074074 0.4664351851851852 0.04398148148148148 0.059027777777777776
2 0.2899305555555556 0.5112847222222222 0.04128086419753087 0.07118055555555555
2 0.3956404320987654 0.4496527777777778 0.04822530864197531 0.0763888888888889
2 0.4895833333333333 0.5205439814814815 0.038580246913580245 0.07349537037037036
2 0.29282407407407407 0.5902777777777778 0.033950617283950615 0.05092592592592592
2 0.3292824074074074 0.6004050925925926 0.04436728395061729 0.06886574074074074
2 0.36400462962962965 0.6559606481481481 0.03125 0.04456018518518518
2 0.6986882716049383 0.38686342592592593 0.033950617283950615 0.07118055555555555
2 0.7251157407407407 0.3081597222222222 0.03510802469135803 0.07465277777777778
2 0.8092206790123457 0.31539351851851855 0.02353395061728395 0.06018518518518518
