2 0.328125 0.5489004629629629 0.024305555555555556 0.041087962962962965
2 0.423804012345679 0.3504050925925926 0.030478395061728395 0.045717592592592594
2 0.47530864197530864 0.4146412037037037 0.033950617283950615 0.03993055555555555
2 0.6520061728395061 0.4522569444444444 0.035493827160493825 0.03993055555555555
2 0.6035879629629629 0.5451388888888888 0.02970679012345679 0.027777777777777776
2 0.6359953703703703 0.5529513888888888 0.03510802469135803 0.045717592592592594
2 0.7995756172839507 0.21875 0.02662037037037037 0.05092592592592592
2 0.8148148148148148 0.45630787037037035 0.03009259259259259 0.045717592592592594
2 0.9718364197530864 0.43113425925925924 0.020833333333333332 0.05787037037037037
2 0.9924768518518519 0.4696180555555556 0.010416666666666666 0.050347222222222224
2 0.41377314814814814 0.6660879629629629 0.03433641975308642 0.02199074074074074
2 0.5520833333333334 0.23726851851851852 0.023148148148148147 0.032407407407407406
