2 0.4291087962962963 0.08058449074074074 0.07658179012345678 0.06684027777777778
2 0.7392939814814815 0.3382523148148148 0.061535493827160496 0.08333333333333333
2 0.041859567901234566 0.21180555555555555 0.03935185185185185 0.04456018518518518
2 0.03510802469135803 0.49233217592592593 0.036265432098765434 0.040219907407407406
2 0.05227623456790124 0.7715567129629629 0.06751543209876543 0.051215277777777776
2 0.15383873456790123 0.9079861111111112 0.031828703703703706 0.048032407407407406
2 0.26697530864197533 0.8763020833333334 0.05478395061728395 0.07552083333333333
2 0.25993441358024694 0.9809027777777778 0.061535493827160496 0.03761574074074074
2 0.38937114197530864 0.7188946759259259 0.051890432098765434 0.06568287037037036
2 0.44319058641975306 0.5707465277777778 0.06886574074074074 0.08998842592592593
2 0.4220679012345679 0.48234953703703703 0.06674382716049383 0.08449074074074074
2 0.5133101851851852 0.5067997685185185 0.0933641975308642 0.11140046296296297
2 0.5162037037037037 0.4166666666666667 0.07716049382716049 0.07118055555555555
2 0.6157407407407407 0.5240162037037037 0.07561728395061729 0.08101851851851852
2 0.7210648148148148 0.6999421296296297 0.038580246913580245 0.059027777777777776
2 0.6895254629629629 0.04716435185185185 0.11786265432098765 0.08912037037037036
2 0.9702932098765432 0.8094618055555556 0.05632716049382716 0.1646412037037037
2 0.8120177469135802 0.71484375 0.0630787037037037 0.10677083333333333
2 0.46026234567901236 0.6381655092592593 0.03202160493827161 0.040219907407407406
