2 0.21489197530864199 0.6550925925925926 0.020833333333333332 0.028935185185185185
2 0.22395833333333334 0.6932870370370371 0.02507716049382716 0.034722222222222224
2 0.23765432098765432 0.7355324074074074 0.023148148148148147 0.037037037037037035
2 0.28433641975308643 0.6626157407407407 0.024691358024691357 0.03356481481481482
2 0.32156635802469136 0.7601273148148148 0.030478395061728395 0.041087962962962965
2 0.34934413580246915 0.7659143518518519 0.02353395061728395 0.041087962962962965
2 0.4390432098765432 0.6336805555555556 0.02700617283950617 0.02662037037037037
2 0.5511188271604939 0.6686921296296297 0.02816358024691358 0.041087962962962965
2 0.5630787037037037 0.7332175925925926 0.02970679012345679 0.02546296296296296
2 0.6319444444444444 0.6932870370370371 0.033950617283950615 0.034722222222222224
2 0.4149305555555556 0.4817708333333333 0.025848765432098766 0.036458333333333336
2 0.43537808641975306 0.38570601851851855 0.03125 0.03761574074074074
2 0.48128858024691357 0.23755787037037038 0.02816358024691358 0.04456018518518518
2 0.578125 0.1712962962962963 0.027391975308641976 0.037037037037037035
2 0.6066743827160493 0.2664930555555556 0.03125 0.04224537037037037
2 0.6788194444444444 0.4253472222222222 0.02816358024691358 0.03009259259259259
2 0.6749614197530864 0.21383101851851852 0.02816358024691358 0.036458333333333336
2 0.1545138888888889 0.35734953703703703 0.03665123456790124 0.043402777777777776
2 0.2357253086419753 0.5286458333333334 0.02546296296296296 0.03414351851851852
2 0.8547453703703703 0.28587962962962965 0.030478395061728395 0.034722222222222224
