2 0.17785493827160495 0.2222222222222222 0.032407407407407406 0.03125
2 0.3755787037037037 0.2977430555555556 0.025848765432098766 0.04918981481481482
2 0.7224151234567902 0.37789351851851855 0.02816358024691358 0.046296296296296294
2 0.24575617283950618 0.5509259259259259 0.026234567901234566 0.03009259259259259
2 0.2037037037037037 0.8249421296296297 0.038580246913580245 0.043402777777777776
2 0.2364969135802469 0.8938078703703703 0.022376543209876542 0.036458333333333336
2 0.2586805555555556 0.9542824074074074 0.02507716049382716 0.03356481481481482
2 0.38483796296296297 0.5610532407407407 0.02199074074074074 0.03877314814814815
2 0.4216820987654321 0.5859375 0.021604938271604937 0.046875
2 0.7094907407407407 0.5813078703703703 0.021604938271604937 0.04224537037037037
