2 0.3333333333333333 0.31886574074074076 0.034722222222222224 0.04861111111111111
2 0.3080632716049383 0.5370370370370371 0.04050925925925926 0.05555555555555555
2 0.11439043209876543 0.6304976851851852 0.03202160493827161 0.030671296296296297
2 0.23128858024691357 0.7034143518518519 0.03587962962962963 0.036458333333333336
2 0.39274691358024694 0.5653935185185185 0.033179012345679014 0.04976851851851852
2 0.4695216049382716 0.4447337962962963 0.038580246913580245 0.06886574074074074
2 0.44907407407407407 0.6226851851851852 0.04398148148148148 0.05555555555555555
2 0.5383873456790124 0.5500578703703703 0.045910493827160496 0.07233796296296297
2 0.5532407407407407 0.6872106481481481 0.040123456790123455 0.05150462962962963
2 0.5673225308641975 0.7317708333333334 0.045910493827160496 0.04224537037037037
2 0.611304012345679 0.7094907407407407 0.03125 0.03356481481481482
2 0.6412037037037037 0.6608796296296297 0.031635802469135804 0.056712962962962965
2 0.7525077160493827 0.47627314814814814 0.030478395061728395 0.061342592592592594
2 0.7777777777777778 0.49710648148148145 0.026234567901234566 0.05555555555555555
