2 0.4357638888888889 0.19849537037037038 0.030478395061728395 0.05324074074074074
2 0.3109567901234568 0.2682291666666667 0.03935185185185185 0.05497685185185185
2 0.5680941358024691 0.6310763888888888 0.04128086419753087 0.0630787037037037
2 0.6352237654320988 0.5636574074074074 0.04822530864197531 0.06712962962962964
2 0.8003472222222222 0.5095486111111112 0.052083333333333336 0.045717592592592594
2 0.8549382716049383 0.5107060185185185 0.03935185185185185 0.048032407407407406
2 0.8292824074074074 0.5564236111111112 0.059027777777777776 0.043402777777777776
2 0.8180941358024691 0.17418981481481483 0.04436728395061729 0.02662037037037037
2 0.8991126543209876 0.44907407407407407 0.02816358024691358 0.03125
2 0.9234182098765432 0.47366898148148145 0.047453703703703706 0.017939814814814815
2 0.9409722222222222 0.5020254629629629 0.036265432098765434 0.03414351851851852
