2 0.7885802469135802 0.026041666666666668 0.02816358024691358 0.03761574074074074
2 0.7217399691358025 0.18070023148148148 0.03414351851851852 0.04658564814814815
2 0.4799382716049383 0.4188368055555556 0.06365740740740741 0.06915509259259259
2 0.5077160493827161 0.3459201388888889 0.07484567901234568 0.06105324074074074
2 0.42727623456790126 0.6147280092592593 0.037037037037037035 0.06221064814814815
2 0.5066550925925926 0.5752314814814815 0.029513888888888888 0.050347222222222224
2 0.558545524691358 0.6135706018518519 0.026813271604938273 0.048900462962962965
2 0.5054976851851852 0.7549189814814815 0.036458333333333336 0.08912037037037036
2 0.5411844135802469 0.765625 0.024498456790123458 0.056712962962962965
2 0.5679012345679012 0.7371238425925926 0.021604938271604937 0.035590277777777776
2 0.6179591049382716 0.8184317129629629 0.04301697530864197 0.06221064814814815
2 0.3645833333333333 0.42390046296296297 0.04089506172839506 0.03877314814814815
2 0.5745563271604939 0.6731770833333334 0.027584876543209878 0.05700231481481482
2 0.25289351851851855 0.4956597222222222 0.03279320987654321 0.03993055555555555
2 0.4722222222222222 0.6303530092592593 0.028935185185185185 0.06221064814814815
2 0.5786072530864198 0.5206886574074074 0.03722993827160494 0.04542824074074074
