2 0.19193672839506173 0.35734953703703703 0.02816358024691358 0.048032407407407406
2 0.20640432098765432 0.5095486111111112 0.021604938271604937 0.043402777777777776
2 0.24363425925925927 0.5535300925925926 0.024305555555555556 0.03993055555555555
2 0.3759645061728395 0.2277199074074074 0.02970679012345679 0.03993055555555555
2 0.4234182098765432 0.1808449074074074 0.02353395061728395 0.03530092592592592
2 0.46238425925925924 0.15480324074074073 0.025848765432098766 0.03414351851851852
2 0.49093364197530864 0.15248842592592593 0.02662037037037037 0.036458333333333336
2 0.4554398148148148 0.2482638888888889 0.02507716049382716 0.034722222222222224
2 0.4461805555555556 0.3038194444444444 0.03356481481481482 0.047453703703703706
2 0.5414737654320988 0.2456597222222222 0.02816358024691358 0.04456018518518518
2 0.5009645061728395 0.33275462962962965 0.022762345679012346 0.041666666666666664
2 0.5740740740740741 0.31655092592592593 0.030864197530864196 0.03356481481481482
2 0.2932098765432099 0.5558449074074074 0.021604938271604937 0.03761574074074074
2 0.3244598765432099 0.5500578703703703 0.031635802469135804 0.043402777777777776
2 0.36400462962962965 0.515625 0.02662037037037037 0.028935185185185185
2 0.3888888888888889 0.6510416666666666 0.018518518518518517 0.032407407407407406
2 0.4535108024691358 0.6753472222222222 0.021219135802469136 0.032407407407407406
2 0.40914351851851855 0.5677083333333334 0.030478395061728395 0.03009259259259259
2 0.4994212962962963 0.5708912037037037 0.025848765432098766 0.041087962962962965
2 0.535108024691358 0.5653935185185185 0.020061728395061727 0.03009259259259259
