2 0.5103202160493827 0.20630787037037038 0.04301697530864197 0.05324074074074074
2 0.43364197530864196 0.31828703703703703 0.018518518518518517 0.043402777777777776
2 0.41946373456790126 0.4010416666666667 0.026041666666666668 0.03993055555555555
2 0.4576581790123457 0.47945601851851855 0.03568672839506173 0.05439814814814815
2 0.44994212962962965 0.5574363425925926 0.031828703703703706 0.04774305555555555
2 0.39949845679012347 0.5635127314814815 0.028935185185185185 0.040219907407407406
2 0.6041666666666666 0.4205729166666667 0.036265432098765434 0.04774305555555555
2 0.5396412037037037 0.5189525462962963 0.034915123456790126 0.048900462962962965
2 0.5378086419753086 0.3185763888888889 0.023919753086419752 0.028935185185185185
2 0.5774498456790124 0.46556712962962965 0.024498456790123458 0.028935185185185185
2 0.2240547839506173 0.7087673611111112 0.03414351851851852 0.04542824074074074
2 0.33458719135802467 0.7599826388888888 0.025270061728395063 0.0390625
2 0.15383873456790123 0.49406828703703703 0.08236882716049383 0.1657986111111111
