2 0.39853395061728397 0.5046296296296297 0.034722222222222224 0.0625
2 0.40046296296296297 0.6244212962962963 0.040123456790123455 0.06365740740740741
2 0.4876543209876543 0.5081018518518519 0.03935185185185185 0.04861111111111111
2 0.529320987654321 0.5590277777777778 0.04089506172839506 0.05787037037037037
2 0.6396604938271605 0.5497685185185185 0.04089506172839506 0.056712962962962965
2 0.7214506172839507 0.3070023148148148 0.03780864197530864 0.06770833333333333
2 0.7083333333333334 0.6420717592592593 0.05941358024691358 0.08159722222222222
2 0.7681327160493827 0.6467013888888888 0.03935185185185185 0.045717592592592594
2 0.8078703703703703 0.5804398148148148 0.043209876543209874 0.05324074074074074
2 0.8510802469135802 0.46585648148148145 0.03935185185185185 0.05787037037037037
2 0.8798225308641975 0.5419560185185185 0.052083333333333336 0.08969907407407407
2 0.2638888888888889 0.5636574074074074 0.035493827160493825 0.06018518518518518
