2 0.19502314814814814 0.34172453703703703 0.03279320987654321 0.045717592592592594
2 0.1684027777777778 0.4878472222222222 0.02970679012345679 0.05324074074074074
2 0.1267361111111111 0.5581597222222222 0.03125 0.04456018518518518
2 0.14525462962962962 0.6015625 0.03279320987654321 0.05613425925925926
2 0.3003472222222222 0.5219907407407407 0.03279320987654321 0.04513888888888889
2 0.25906635802469136 0.5746527777777778 0.03356481481481482 0.028935185185185185
2 0.2525077160493827 0.6024305555555556 0.0466820987654321 0.028935185185185185
2 0.28337191358024694 0.6377314814814815 0.02662037037037037 0.02546296296296296
2 0.4637345679012346 0.7835648148148148 0.03935185185185185 0.02546296296296296
2 0.3836805555555556 0.45630787037037035 0.028935185185185185 0.03877314814814815
2 0.3630401234567901 0.5575810185185185 0.024691358024691357 0.028356481481481483
2 0.3819444444444444 0.5978009259259259 0.030864197530864196 0.032407407407407406
2 0.45698302469135804 0.5969328703703703 0.02816358024691358 0.04224537037037037
2 0.4984567901234568 0.3446180555555556 0.032407407407407406 0.04224537037037037
2 0.5547839506172839 0.37471064814814814 0.023919753086419752 0.046875
2 0.5833333333333334 0.3845486111111111 0.027777777777777776 0.04918981481481482
2 0.6170910493827161 0.43952546296296297 0.03973765432098766 0.043402777777777776
2 0.7525077160493827 0.37471064814814814 0.022762345679012346 0.046875
2 0.7854938271604939 0.38917824074074076 0.020833333333333332 0.03993055555555555
2 0.6923225308641975 0.4913194444444444 0.030478395061728395 0.03587962962962963
2 0.6597222222222222 0.5969328703703703 0.024691358024691357 0.03761574074074074
2 0.658179012345679 0.6857638888888888 0.023148148148148147 0.02546296296296296
2 0.7376543209876543 0.5413773148148148 0.03009259259259259 0.04456018518518518
2 0.7154706790123457 0.5694444444444444 0.022762345679012346 0.03125
2 0.7399691358024691 0.6192129629629629 0.033179012345679014 0.03587962962962963
2 0.7665895061728395 0.6498842592592593 0.027777777777777776 0.034722222222222224
2 0.8553240740740741 0.6331018518518519 0.040123456790123455 0.06365740740740741
2 0.7241512345679012 0.6469907407407407 0.018518518518518517 0.03356481481481482
