2 0.10233410493827161 0.7149884259259259 0.04301697530864197 0.05555555555555555
2 0.21614583333333334 0.6448206018518519 0.022955246913580248 0.053530092592592594
2 0.38416280864197533 0.019965277777777776 0.03414351851851852 0.032407407407407406
2 0.3048804012345679 0.3355034722222222 0.03260030864197531 0.035590277777777776
2 0.3363233024691358 0.3822337962962963 0.022955246913580248 0.028935185185185185
2 0.38570601851851855 0.3030960648148148 0.050347222222222224 0.051215277777777776
2 0.4331597222222222 0.43504050925925924 0.04456018518518518 0.0390625
2 0.49508101851851855 0.4683159722222222 0.054205246913580245 0.05237268518518518
2 0.5110918209876543 0.3699363425925926 0.03568672839506173 0.051215277777777776
2 0.5434027777777778 0.3058449074074074 0.04089506172839506 0.056712962962962965
2 0.550829475308642 0.43735532407407407 0.036458333333333336 0.05005787037037037
2 0.5868055555555556 0.44169560185185186 0.040123456790123455 0.04774305555555555
2 0.43721064814814814 0.6008391203703703 0.04378858024691358 0.08130787037037036
2 0.5389660493827161 0.6536458333333334 0.03780864197530864 0.05555555555555555
2 0.5745563271604939 0.6931423611111112 0.034915123456790126 0.03443287037037037
2 0.5911458333333334 0.7572337962962963 0.03414351851851852 0.046875
2 0.4984567901234568 0.7048611111111112 0.02970679012345679 0.03993055555555555
2 0.49517746913580246 0.7693865740740741 0.06751543209876543 0.08449074074074074
2 0.5163001543209876 0.8661747685185185 0.028356481481481483 0.06684027777777778
