2 0.15750385802469136 0.5222800925925926 0.034915123456790126 0.04456018518518518
2 0.10040509259259259 0.7544849537037037 0.036458333333333336 0.06799768518518519
2 0.044849537037037035 0.9580439814814815 0.04224537037037037 0.059027777777777776
2 0.3471257716049383 0.6815682870370371 0.048804012345679014 0.06221064814814815
2 0.5077160493827161 0.4578993055555556 0.03935185185185185 0.053530092592592594
2 0.5277777777777778 0.5335648148148148 0.036265432098765434 0.03993055555555555
2 0.5908564814814815 0.5975115740740741 0.04359567901234568 0.052083333333333336
2 0.9770447530864198 0.45066550925925924 0.037037037037037035 0.04774305555555555
2 0.8212770061728395 0.7337962962962963 0.04147376543209876 0.05324074074074074
2 0.8342013888888888 0.8874421296296297 0.05999228395061729 0.0625
2 0.8126929012345679 0.9486400462962963 0.04976851851851852 0.059895833333333336
2 0.9432870370370371 0.8595196759259259 0.04513888888888889 0.07783564814814815
2 0.6449652777777778 0.17173032407407407 0.026041666666666668 0.051215277777777776
2 0.6772762345679012 0.35546875 0.022376543209876542 0.026909722222222224
