2 0.2897135416666667 0.71484375 0.2065972222222222 0.1918402777777778
2 0.3931206597222222 0.060474537037037035 0.04665798611111111 0.04050925925925926
2 0.6016710069444444 0.37818287037037035 0.04578993055555555 0.056712962962962965
2 0.6157769097222222 0.4526909722222222 0.07877604166666667 0.09230324074074074
2 0.7161458333333334 0.4972511574074074 0.09331597222222222 0.08246527777777778
2 0.7724609375 0.42549189814814814 0.056206597222222224 0.08246527777777778
2 0.8483072916666666 0.9001736111111112 0.044270833333333336 0.048032407407407406
2 0.8768446180555556 0.97265625 0.04665798611111111 0.054108796296296294
2 0.3998480902777778 0.9784432870370371 0.023220486111111112 0.026909722222222224
2 0.41796875 0.9665798611111112 0.020833333333333332 0.026909722222222224
2 0.443359375 0.9344618055555556 0.026475694444444444 0.02228009259259259
