2 0.1089891975308642 0.7196180555555556 0.02970679012345679 0.046875
2 0.21604938271604937 0.7517361111111112 0.03780864197530864 0.05092592592592592
2 0.38406635802469136 0.6993634259259259 0.03125 0.04456018518518518
2 0.3169367283950617 0.8625578703703703 0.06442901234567901 0.041087962962962965
2 0.5275848765432098 0.8064236111111112 0.04513888888888889 0.04224537037037037
2 0.5526620370370371 0.7063078703703703 0.02662037037037037 0.04224537037037037
2 0.5719521604938271 0.609375 0.03125 0.05324074074074074
2 0.6736111111111112 0.5176504629629629 0.035493827160493825 0.043402777777777776
2 0.7714120370370371 0.5260416666666666 0.04436728395061729 0.05555555555555555
2 0.5736882716049383 0.8480902777777778 0.023148148148148147 0.03414351851851852
2 0.7295524691358025 0.8229166666666666 0.03780864197530864 0.04861111111111111
2 0.8414351851851852 0.5983796296296297 0.03780864197530864 0.05555555555555555
2 0.8537808641975309 0.6817129629629629 0.02700617283950617 0.046296296296296294
2 0.8136574074074074 0.3425925925925926 0.037037037037037035 0.056712962962962965
2 0.7359182098765432 0.40162037037037035 0.02662037037037037 0.05439814814814815
2 0.5480324074074074 0.5792824074074074 0.02507716049382716 0.03356481481481482
