2 0.4168595679012346 0.22251157407407407 0.02970679012345679 0.043402777777777776
2 0.2552083333333333 0.5827546296296297 0.02970679012345679 0.05092592592592592
2 0.4176311728395062 0.6967592592592593 0.04436728395061729 0.061342592592592594
2 0.49209104938271603 0.6571180555555556 0.04050925925925926 0.05381944444444445
2 0.5482253086419753 0.5737847222222222 0.035493827160493825 0.04918981481481482
2 0.5825617283950617 0.6857638888888888 0.03935185185185185 0.061342592592592594
2 0.6979166666666666 0.5005787037037037 0.040123456790123455 0.056712962962962965
2 0.7038966049382716 0.5758101851851852 0.04128086419753087 0.05787037037037037
2 0.7501929012345679 0.37037037037037035 0.03356481481481482 0.056712962962962965
2 0.8024691358024691 0.3498263888888889 0.041666666666666664 0.046875
2 0.8051697530864198 0.42158564814814814 0.03935185185185185 0.045717592592592594
