2 0.2195216049382716 0.033854166666666664 0.033950617283950615 0.05555555555555555
2 0.22067901234567902 0.09837962962962964 0.0466820987654321 0.0625
2 0.2042824074074074 0.12890625 0.03935185185185185 0.05237268518518518
2 0.03520447530864197 0.5 0.033371913580246916 0.05787037037037037
2 0.04147376543209876 0.8962673611111112 0.035493827160493825 0.048900462962962965
2 0.3386381172839506 0.43388310185185186 0.034915123456790126 0.04542824074074074
2 0.36496913580246915 0.3683449074074074 0.035493827160493825 0.056712962962962965
2 0.43354552469135804 0.25578703703703703 0.024498456790123458 0.043402777777777776
2 0.5874807098765432 0.42332175925925924 0.022183641975308643 0.03993055555555555
2 0.5070408950617284 0.4301215277777778 0.04224537037037037 0.06452546296296297
2 0.4777199074074074 0.4778645833333333 0.03722993827160494 0.042534722222222224
2 0.46662808641975306 0.5218460648148148 0.037037037037037035 0.04774305555555555
2 0.5452353395061729 0.5502025462962963 0.03414351851851852 0.04658564814814815
2 0.6075424382716049 0.5478877314814815 0.03722993827160494 0.053530092592592594
2 0.5882523148148148 0.6497395833333334 0.031057098765432098 0.0390625
2 0.6041666666666666 0.9214409722222222 0.020061728395061727 0.05237268518518518
