2 0.3103298611111111 0.5079571759259259 0.0802951388888889 0.08246527777777778
2 0.3074001736111111 0.6038773148148148 0.11002604166666667 0.1284722222222222
2 0.390625 0.6482928240740741 0.06901041666666667 0.09346064814814815
2 0.4460720486111111 0.7174479166666666 0.04014756944444445 0.053530092592592594
2 0.5123697916666666 0.7002314814814815 0.10850694444444445 0.13078703703703703
2 0.6085069444444444 0.7582465277777778 0.07552083333333333 0.07494212962962964
2 0.5964626736111112 0.5293692129629629 0.0740017361111111 0.07378472222222222
2 0.8343098958333334 0.6157407407407407 0.0900607638888889 0.11574074074074074
2 0.5533854166666666 0.33579282407407407 0.05381944444444445 0.0685763888888889
2 0.6265190972222222 0.3589409722222222 0.08289930555555555 0.12760416666666666
2 0.7990451388888888 0.3890335648148148 0.09809027777777778 0.1189236111111111
2 0.4187282986111111 0.484375 0.03537326388888889 0.04398148148148148
