2 0.20910493827160495 0.4019097222222222 0.033950617283950615 0.036458333333333336
2 0.24845679012345678 0.3767361111111111 0.038580246913580245 0.02662037037037037
2 0.5281635802469136 0.2589699074074074 0.037037037037037035 0.04224537037037037
2 0.6215277777777778 0.2439236111111111 0.030864197530864196 0.043402777777777776
2 0.6178626543209876 0.3347800925925926 0.03279320987654321 0.043402777777777776
2 0.4756944444444444 0.421875 0.033179012345679014 0.032407407407407406
2 0.23823302469135801 0.5986689814814815 0.027391975308641976 0.043402777777777776
2 0.2532793209876543 0.7216435185185185 0.03202160493827161 0.03356481481481482
2 0.27662037037037035 0.6056134259259259 0.02546296296296296 0.045717592592592594
2 0.3341049382716049 0.6467013888888888 0.023148148148148147 0.043402777777777776
2 0.35223765432098764 0.6779513888888888 0.019290123456790122 0.03877314814814815
2 0.4209104938271605 0.5324074074074074 0.023148148148148147 0.03125
2 0.4564043209876543 0.5946180555555556 0.024691358024691357 0.04224537037037037
2 0.5443672839506173 0.6276041666666666 0.023919753086419752 0.041087962962962965
2 0.5298996913580247 0.7355324074074074 0.03356481481481482 0.032407407407407406
2 0.6319444444444444 0.5413773148148148 0.029320987654320986 0.04918981481481482
