2 0.38599537037037035 0.421875 0.09452160493827161 0.09490740740740741
2 0.4486882716049383 0.5298032407407407 0.06712962962962964 0.0920138888888889
2 0.6925154320987654 0.4458912037037037 0.03935185185185185 0.06886574074074074
2 0.5669367283950617 0.4401041666666667 0.03202160493827161 0.03530092592592592
2 0.6238425925925926 0.43460648148148145 0.022376543209876542 0.03125
2 0.6446759259259259 0.44502314814814814 0.022376543209876542 0.023148148148148147
2 0.6359953703703703 0.4678819444444444 0.021219135802469136 0.022569444444444444
2 0.23919753086419754 0.027777777777777776 0.036265432098765434 0.05439814814814815
2 0.3128858024691358 0.1495949074074074 0.05787037037037037 0.06655092592592593
2 0.24131944444444445 0.2042824074074074 0.05594135802469136 0.06018518518518518
2 0.13522376543209877 0.30671296296296297 0.05285493827160494 0.09606481481481481
2 0.5796682098765432 0.5515046296296297 0.03510802469135803 0.03587962962962963
