2 0.44463734567901236 0.21325231481481483 0.05285493827160494 0.04224537037037037
2 0.1714891975308642 0.5026041666666666 0.03356481481481482 0.03993055555555555
2 0.3167438271604938 0.5691550925925926 0.035493827160493825 0.03993055555555555
2 0.3020833333333333 0.6232638888888888 0.03780864197530864 0.047453703703703706
2 0.3092206790123457 0.6958912037037037 0.02507716049382716 0.04224537037037037
2 0.3794367283950617 0.5830439814814815 0.027391975308641976 0.041087962962962965
2 0.38599537037037035 0.7071759259259259 0.04050925925925926 0.03587962962962963
2 0.5048225308641975 0.6076388888888888 0.03202160493827161 0.041666666666666664
2 0.5491898148148148 0.6299189814814815 0.03202160493827161 0.029513888888888888
2 0.8070987654320988 0.5677083333333334 0.043209876543209874 0.03009259259259259
2 0.7854938271604939 0.5920138888888888 0.02546296296296296 0.020833333333333332
