0 0.43125 0.2657185628742515 0.025 0.040419161676646706
0 0.587625 0.7715194610778443 0.04225 0.060254491017964075
0 0.90925 0.8366392215568862 0.05 0.0812125748502994
0 0.70325 0.9517215568862275 0.032 0.04790419161676647
0 0.738625 0.9479790419161677 0.02725 0.0344311377245509
0 0.23475 0.3866017964071856 0.0365 0.04715568862275449
0 0.265375 0.30744760479041916 0.02075 0.03405688622754491
0 0.271125 0.19573353293413173 0.02925 0.035179640718562874
0 0.305375 0.18394461077844312 0.02925 0.031062874251497005
0 0.364 0.17589820359281438 0.038 0.06437125748502993
