0 0.558 0.29023203592814373 0.033 0.05127245508982036
0 0.6915 0.3843562874251497 0.04 0.06212574850299401
0 0.510875 0.42458832335329344 0.04575 0.06923652694610778
0 0.407625 0.5769086826347305 0.03925 0.06399700598802395
0 0.629375 0.6788922155688623 0.03575 0.050149700598802395
0 0.330375 0.6287425149700598 0.03925 0.0845808383233533
0 0.34725 0.5254491017964071 0.0385 0.08982035928143713
0 0.3175 0.530501497005988 0.025 0.0437874251497006
0 0.31475 0.5671781437125748 0.0235 0.03630239520958084
0 0.26425 0.6175149700598802 0.1 0.07934131736526946
