0 0.228625 0.5458458083832335 0.03875 0.05576347305389222
0 0.4015 0.5340568862275449 0.027 0.0344311377245509
0 0.395125 0.5843937125748503 0.03275 0.046781437125748504
0 0.706125 0.3808008982035928 0.02625 0.048278443113772454
0 0.8365 0.7732035928143712 0.027 0.05688622754491018
0 0.77975 0.9356287425149701 0.038 0.05913173652694611
0 0.31925 0.25449101796407186 0.03 0.0718562874251497
0 0.825375 0.0561377245508982 0.03225 0.04266467065868264
0 0.7125 0.09955089820359281 0.0465 0.050149700598802395
0 0.7555 0.08345808383233533 0.025 0.02694610778443114
0 0.7865 0.14483532934131738 0.0245 0.07934131736526946
0 0.956125 0.15681137724550898 0.05225 0.07709580838323353
