0 0.364375 0.15625 0.05425 0.0782185628742515
0 0.659 0.07952844311377245 0.0465 0.0812125748502994
0 0.718625 0.1438997005988024 0.03125 0.06399700598802395
0 0.225375 0.40793413173652693 0.03775 0.06661676646706587
0 0.2225 0.4528443113772455 0.0235 0.025449101796407185
0 0.26 0.39184131736526945 0.0315 0.0344311377245509
0 0.28725 0.4882110778443114 0.0255 0.053517964071856286
0 0.259375 0.6191991017964071 0.04725 0.05875748502994012
0 0.3905 0.47735778443113774 0.025 0.0407934131736527
0 0.387625 0.5769086826347305 0.03775 0.06399700598802395
0 0.46075 0.5714820359281437 0.0485 0.07260479041916168
0 0.399625 0.7410179640718563 0.03075 0.04416167664670659
0 0.45475 0.4528443113772455 0.0365 0.06437125748502993
0 0.497625 0.4592065868263473 0.05225 0.06212574850299401
0 0.5365 0.47324101796407186 0.0185 0.03405688622754491
0 0.60075 0.41654191616766467 0.0385 0.0531437125748503
0 0.622125 0.46032934131736525 0.03575 0.04715568862275449
0 0.652875 0.5651197604790419 0.02275 0.0344311377245509
0 0.742875 0.5907559880239521 0.03425 0.061751497005988025
0 0.48325 0.6762724550898204 0.0965 0.18188622754491018
0 0.514 0.12350299401197605 0.0395 0.04940119760479042
0 0.36725 0.25711077844311375 0.0615 0.08982035928143713
0 0.3555 0.33626497005988026 0.0435 0.06399700598802395
0 0.26825 0.3203592814371258 0.062 0.0748502994011976
