0 0.404 0.4159805389221557 0.035 0.05426646706586826
0 0.82725 0.937312874251497 0.043 0.08345808383233533
0 0.368 0.6831961077844312 0.04 0.0437874251497006
0 0.268625 0.7453218562874252 0.03575 0.06324850299401198
0 0.354375 0.5673652694610778 0.02575 0.04266467065868264
0 0.12475 0.7340943113772455 0.022 0.03630239520958084
0 0.243625 0.936751497005988 0.02725 0.04790419161676647
0 0.068 0.5922529940119761 0.03 0.0437874251497006
0 0.020875 0.5763473053892215 0.02425 0.029191616766467067
0 0.018625 0.6586826347305389 0.02575 0.03293413173652695
0 0.009375 0.9747380239520959 0.01425 0.0407934131736527
0 0.2515 0.5570733532934131 0.017 0.035553892215568865
0 0.295125 0.5742889221556886 0.02575 0.03330838323353293
0 0.313625 0.5961826347305389 0.02275 0.029940119760479042
0 0.320375 0.5415419161676647 0.01775 0.03218562874251497
0 0.393625 0.5486526946107785 0.02725 0.03967065868263473
0 0.420375 0.5971182634730539 0.03225 0.038547904191616765
0 0.9715 0.12574850299401197 0.023 0.04491017964071856
0 0.951125 0.16410928143712575 0.02225 0.038547904191616765
0 0.921875 0.16148952095808383 0.02625 0.031062874251497005
0 0.826875 0.2314745508982036 0.02225 0.03630239520958084
0 0.846125 0.1972305389221557 0.02375 0.03218562874251497
0 0.858 0.24756736526946108 0.0215 0.03405688622754491
