0 0.409 0.4960703592814371 0.0305 0.0437874251497006
0 0.539375 0.6281811377245509 0.02575 0.04902694610778443
0 0.5915 0.6362275449101796 0.0285 0.07784431137724551
0 0.836125 0.5817739520958084 0.03225 0.04603293413173653
0 0.88425 0.5501497005988024 0.05 0.0531437125748503
0 0.880375 0.4882110778443114 0.04075 0.05127245508982036
0 0.853375 0.9202844311377245 0.03075 0.059880239520958084
0 0.746125 0.24812874251497005 0.01775 0.03967065868263473
0 0.107625 0.2657185628742515 0.03775 0.023203592814371257
0 0.27225 0.38229790419161674 0.0245 0.07297904191616766
