0 0.557625 0.14427395209580837 0.03225 0.05651197604790419
0 0.595875 0.6367889221556886 0.03425 0.061751497005988025
0 0.72475 0.5273203592814372 0.0265 0.05239520958083832
0 0.647125 0.37593562874251496 0.02575 0.03630239520958084
0 0.526125 0.6089071856287425 0.02925 0.04266467065868264
0 0.583 0.7913547904191617 0.03 0.04154191616766467
0 0.41225 0.7522455089820359 0.02 0.0344311377245509
0 0.78725 0.7329715568862275 0.03 0.038547904191616765
0 0.921125 0.8328967065868264 0.03775 0.07372754491017965
0 0.159375 0.48278443113772457 0.02275 0.03218562874251497
0 0.180125 0.5144086826347305 0.01575 0.02881736526946108
0 0.217875 0.6592440119760479 0.02275 0.03630239520958084
0 0.368 0.7084580838323353 0.0315 0.04715568862275449
0 0.6115 0.7902320359281437 0.0255 0.035553892215568865
0 0.23475 0.28648952095808383 0.012 0.031062874251497005
0 0.24725 0.21388473053892215 0.0315 0.02657185628742515
0 0.900125 0.7142589820359282 0.03425 0.050523952095808386
0 0.984375 0.47324101796407186 0.01575 0.025823353293413173
0 0.963 0.4945733532934132 0.02 0.03181137724550898
0 0.95825 0.31119011976047906 0.018 0.03929640718562874
