0 0.11225 0.1062874251497006 0.043 0.04266467065868264
0 0.11725 0.18937125748502995 0.037 0.03967065868263473
0 0.054125 0.33851047904191617 0.03925 0.038547904191616765
0 0.093375 0.31119011976047906 0.03925 0.04154191616766467
0 0.133625 0.3808008982035928 0.07425 0.05875748502994012
0 0.225375 0.5174026946107785 0.02925 0.0437874251497006
0 0.38125 0.3598428143712575 0.045 0.045284431137724554
0 0.534375 0.48278443113772457 0.05425 0.059880239520958084
0 0.2015 0.15568862275449102 0.0355 0.0875748502994012
0 0.247125 0.16261227544910178 0.04575 0.031062874251497005
0 0.242125 0.27357784431137727 0.07575 0.05239520958083832
0 0.171875 0.35067365269461076 0.02375 0.041916167664670656
0 0.084 0.49139221556886226 0.045 0.05538922155688623
