0 0.288625 0.3961452095808383 0.02125 0.03405688622754491
0 0.372875 0.47698353293413176 0.03275 0.048278443113772454
0 0.3215 0.49831586826347307 0.0255 0.03330838323353293
0 0.49225 0.45228293413173654 0.023 0.0437874251497006
0 0.50475 0.3961452095808383 0.0235 0.0407934131736527
0 0.174375 0.5864520958083832 0.03125 0.05538922155688623
0 0.2665 0.6008607784431138 0.0345 0.04603293413173653
0 0.34225 0.6180763473053892 0.0215 0.035553892215568865
0 0.11725 0.8377619760479041 0.037 0.06848802395209581
0 0.618625 0.47698353293413176 0.06575 0.13585329341317365
0 0.734625 0.8218562874251497 0.03075 0.040419161676646706
0 0.67225 0.8938997005988024 0.03 0.03929640718562874
0 0.69575 0.8645209580838323 0.0285 0.0531437125748503
0 0.218375 0.4219685628742515 0.02075 0.023577844311377244
0 0.1515 0.4283308383233533 0.0215 0.03405688622754491
