0 0.668 0.5853293413173652 0.0585 0.08982035928143713
0 0.57725 0.531437125748503 0.0415 0.050149700598802395
0 0.524375 0.5099176646706587 0.03025 0.05875748502994012
0 0.3625 0.6341691616766467 0.035 0.031062874251497005
0 0.20425 0.7309131736526946 0.03 0.029940119760479042
0 0.04075 0.41429640718562877 0.037 0.04491017964071856
0 0.28475 0.3929640718562874 0.022 0.019461077844311378
0 0.2005 0.5484655688622755 0.0165 0.02657185628742515
0 0.359 0.593001497005988 0.0195 0.025823353293413173
0 0.3405 0.5950598802395209 0.0135 0.025449101796407185
0 0.33325 0.5602544910179641 0.022 0.041916167664670656
0 0.431875 0.5415419161676647 0.02625 0.03218562874251497
0 0.133 0.6169535928143712 0.02 0.013847305389221557
0 0.2865 0.44273952095808383 0.023 0.035179640718562874
0 0.342125 0.4565868263473054 0.02575 0.029191616766467067
0 0.3315 0.47960329341317365 0.03 0.02133233532934132
0 0.315125 0.5159056886227545 0.04725 0.07297904191616766
0 0.234 0.5117889221556886 0.015 0.038547904191616765
0 0.251875 0.5127245508982036 0.01925 0.029940119760479042
0 0.257625 0.46781437125748504 0.02925 0.03817365269461078
0 0.254 0.5570733532934131 0.048 0.0437874251497006
0 0.304 0.5999251497005988 0.0535 0.0374251497005988
0 0.36475 0.5159056886227545 0.025 0.04902694610778443
0 0.3805 0.46032934131736525 0.0335 0.014970059880239521
0 0.415125 0.46351047904191617 0.02575 0.025823353293413173
0 0.4675 0.5164670658682635 0.0235 0.0374251497005988
0 0.49575 0.5235778443113772 0.03 0.04491017964071856
0 0.482875 0.47997754491017963 0.02575 0.0437874251497006
0 0.437875 0.4902694610778443 0.05425 0.06661676646706587
0 0.39475 0.5239520958083832 0.0165 0.02694610778443114
0 0.390125 0.4981287425149701 0.01425 0.02245508982035928
0 0.408 0.530314371257485 0.01 0.02470059880239521
