0 0.65325 0.7522455089820359 0.0335 0.04715568862275449
0 0.669 0.7165044910179641 0.0335 0.031062874251497005
0 0.766875 0.3474925149700599 0.03075 0.05426646706586826
0 0.715125 0.3186751497005988 0.02575 0.031062874251497005
0 0.595125 0.3967065868263473 0.02725 0.03293413173652695
0 0.41975 0.36620508982035926 0.028 0.038547904191616765
0 0.389 0.3299026946107784 0.0235 0.038547904191616765
0 0.306875 0.500374251497006 0.02075 0.035179640718562874
0 0.31575 0.32877994011976047 0.033 0.04902694610778443
0 0.2555 0.4663173652694611 0.0235 0.05239520958083832
0 0.24975 0.3961452095808383 0.0335 0.05127245508982036
0 0.17 0.6618637724550899 0.05 0.03929640718562874
