0 0.13725 0.5774700598802395 0.037 0.03293413173652695
0 0.120375 0.6416541916167665 0.03225 0.03330838323353293
0 0.11725 0.7950973053892215 0.0415 0.03405688622754491
0 0.30975 0.623877245508982 0.025 0.03218562874251497
0 0.261125 0.6858158682634731 0.03375 0.038547904191616765
0 0.268375 0.7443862275449101 0.02225 0.02245508982035928
0 0.249375 0.7994011976047904 0.02125 0.04491017964071856
0 0.2465 0.8929640718562875 0.0385 0.06736526946107785
0 0.287125 0.8540419161676647 0.03425 0.04491017964071856
0 0.310125 0.8164296407185628 0.02425 0.04303892215568862
0 0.338375 0.7773203592814372 0.02925 0.03967065868263473
0 0.3175 0.9206586826347305 0.0235 0.04790419161676647
0 0.48 0.7120134730538922 0.0185 0.031062874251497005
0 0.301875 0.2533682634730539 0.02225 0.03293413173652695
0 0.580875 0.3068862275449102 0.01725 0.035179640718562874
0 0.571625 0.21875 0.01575 0.02133233532934132
0 0.614 0.2438248502994012 0.0265 0.04154191616766467
0 0.696875 0.41392215568862273 0.02375 0.035179640718562874
0 0.664375 0.28929640718562877 0.01875 0.0344311377245509
0 0.459375 0.843188622754491 0.05875 0.07260479041916168
0 0.5115 0.8063248502994012 0.043 0.06100299401197605
0 0.359625 0.9234655688622755 0.05075 0.12836826347305388
