0 0.1465 0.28817365269461076 0.027 0.03817365269461078
0 0.187625 0.2400823353293413 0.02225 0.03405688622754491
0 0.206875 0.28274700598802394 0.03075 0.038547904191616765
0 0.1975 0.36620508982035926 0.025 0.038547904191616765
0 0.066125 0.6453967065868264 0.05375 0.0812125748502994
0 0.105125 0.7116392215568862 0.02725 0.0280688622754491
0 0.11975 0.6367889221556886 0.0295 0.03181137724550898
0 0.129 0.594498502994012 0.035 0.04603293413173653
0 0.301125 0.7687125748502994 0.02775 0.0374251497005988
0 0.298625 0.18824850299401197 0.02575 0.041916167664670656
0 0.319 0.250187125748503 0.028 0.04154191616766467
0 0.341875 0.28012724550898205 0.02625 0.02881736526946108
0 0.3905 0.6586826347305389 0.0265 0.0374251497005988
0 0.227625 0.6218188622754491 0.01775 0.02133233532934132
0 0.136875 0.46744011976047906 0.02225 0.02245508982035928
0 0.343 0.35123502994011974 0.0185 0.03181137724550898
0 0.441875 0.3383233532934132 0.02225 0.014970059880239521
0 0.62325 0.2630988023952096 0.022 0.05688622754491018
0 0.754375 0.6833832335329342 0.03125 0.0374251497005988
0 0.365 0.8480538922155688 0.0215 0.02694610778443114
0 0.449 0.6448353293413174 0.0165 0.02694610778443114
