0 0.66425 0.562874251497006 0.06 0.0875748502994012
0 0.531125 0.5699850299401198 0.03925 0.07784431137724551
0 0.448625 0.43319610778443113 0.02125 0.0437874251497006
0 0.42075 0.4496631736526946 0.0185 0.061751497005988025
0 0.450375 0.5415419161676647 0.05775 0.09206586826347306
0 0.399 0.6341691616766467 0.025 0.05651197604790419
0 0.414125 0.9620134730538922 0.03375 0.0752245508982036
0 0.033 0.6367889221556886 0.02 0.046781437125748504
0 0.0365 0.7254865269461078 0.0215 0.0407934131736527
0 0.098625 0.09300149700598802 0.02725 0.050523952095808386
0 0.809 0.27002245508982037 0.0365 0.03181137724550898
0 0.944 0.06362275449101797 0.012 0.029940119760479042
0 0.945125 0.13678892215568864 0.01725 0.03330838323353293
0 0.25625 0.2715194610778443 0.0165 0.031062874251497005
