0 0.634 0.17440119760479042 0.028 0.041916167664670656
0 0.624375 0.2904191616766467 0.03125 0.0748502994011976
0 0.558625 0.33570359281437123 0.03275 0.05239520958083832
0 0.53475 0.23783682634730538 0.018 0.0407934131736527
0 0.487625 0.23633982035928144 0.02775 0.0437874251497006
0 0.46325 0.2833083832335329 0.025 0.0374251497005988
0 0.42725 0.28817365269461076 0.0385 0.059880239520958084
0 0.43725 0.437312874251497 0.027 0.04603293413173653
0 0.49725 0.4038173652694611 0.047 0.04491017964071856
0 0.427875 0.5078592814371258 0.02425 0.03293413173652695
0 0.398 0.5250748502994012 0.03 0.041916167664670656
0 0.35225 0.5276946107784432 0.033 0.04266467065868264
0 0.315125 0.5276946107784432 0.02725 0.040419161676646706
0 0.255125 0.5913173652694611 0.02425 0.02470059880239521
0 0.5405 0.7576721556886228 0.032 0.05127245508982036
0 0.631875 0.6848802395209581 0.02775 0.051646706586826345
0 0.628625 0.6195733532934131 0.03125 0.05127245508982036
0 0.66575 0.6042290419161677 0.03 0.0437874251497006
0 0.9665 0.84375 0.037 0.07148203592814371
