0 0.56075 0.3866017964071856 0.05 0.08982035928143713
0 0.585375 0.18600299401197604 0.02925 0.05464071856287425
0 0.724625 0.34375 0.03075 0.061751497005988025
0 0.66 0.45827095808383234 0.0485 0.061751497005988025
0 0.7625 0.4586452095808383 0.0335 0.04154191616766467
0 0.758625 0.6833832335329342 0.02425 0.050149700598802395
0 0.53575 0.6362275449101796 0.0385 0.06511976047904192
0 0.47875 0.811564371257485 0.03 0.048278443113772454
0 0.536875 0.8267215568862275 0.03075 0.0374251497005988
0 0.257625 0.4784805389221557 0.02225 0.03181137724550898
0 0.384625 0.6946107784431138 0.02925 0.04266467065868264
0 0.3565 0.5737275449101796 0.023 0.03218562874251497
