0 0.449 0.4554640718562874 0.0165 0.03293413173652695
0 0.617625 0.40325598802395207 0.02225 0.02881736526946108
0 0.658 0.5288173652694611 0.0315 0.040419161676646706
0 0.527625 0.6042290419161677 0.02775 0.03330838323353293
0 0.609 0.6094685628742516 0.0195 0.02657185628742515
0 0.70075 0.6474550898203593 0.0185 0.029940119760479042
0 0.505125 0.6860029940119761 0.02575 0.027694610778443114
0 0.65375 0.7436377245508982 0.02 0.03218562874251497
0 0.484375 0.9215943113772455 0.02125 0.02881736526946108
0 0.47975 0.9827844311377245 0.031 0.033682634730538924
0 0.220125 0.6266841317365269 0.01275 0.016092814371257484
0 0.790125 0.6339820359281437 0.01275 0.020209580838323353
